0.0552689
0.0577815
0.0615405
0.0671788
0.0740076
0.081257
0.0900166
0.100517
0.112238
0.124184
0.137015
0.151497
0.168368
0.18658
0.206323
0.22755
0.248624
0.27234
0.301315
0.331642
0.359906
0.389135
0.419891
0.450742
0.484505
0.515965
0.545432
0.576263
0.606751
0.632825
0.655276
0.677975
0.699918
0.721075
0.743387
0.763997
0.780107
0.793005
0.806404
0.82336
0.839628
0.851842
0.865578
0.877558
0.887205
0.893208
0.898208
0.901959
0.901397
0.903325
0.906464
0.904087
0.899237
0.893675
0.888497
0.885523
0.880898
0.877348
0.874875
0.86947
0.860597
0.849931
0.840118
0.831981
0.824273
0.813187
0.795931
0.775899
0.764115
0.754073
0.742593
0.731109
0.724711
0.715295
0.706897
0.698529
0.687568
0.676049
0.664251
0.650607
0.635192
0.619906
0.601799
0.580011
0.557232
0.539538
0.526235
0.514627
0.49789
0.478555
0.461972
0.448593
0.434597
0.421868
0.411964
0.399744
0.388388
0.374704
0.358646
0.343699
0.331201
0.31817
0.306405
0.296977
0.285562
0.272567
0.259655
0.246671
0.236364
0.225475
0.213686
0.203531
0.195441
0.187482
0.177576
0.168799
0.160648
0.152458
0.144262
0.135293
0.126346
0.118842
0.110187
0.101884
0.0923684
0.0837371
0.0769511
0.0704064
0.063893
0.0590453
0.0560699
0.0525079
