0	0	0	135.9
1	0	1	137.9
2	0	2	140.2
3	0	3	143.43
4	0	4	146.563
5	0	5	148.837
6	0	6	150.254
7	0	7	150.812
8	0	8	150.512
9	0	9	149.354
10	0	10	147.337
11	0	11	144.463
12	0	12	140.73
13	0	13	136.138
14	0	14	130.689
15	0	15	124.381
16	0	16	121.5
17	0	17	116
18	0	18	111.3
19	0	19	106.9
20	0	20	99.2
21	0	21	91.6
22	0	22	86.2
23	0	23	81.6
24	0	24	77
25	0	25	75
26	0	26	77.3
27	0	27	79.2
28	0	28	79.4
29	0	29	78.5
30	0	30	78.6
31	0	31	77.3
32	0	32	75.5
33	0	33	77.3
34	0	34	79.6
35	0	35	79.9
36	0	36	80.3
37	0	37	79.7
38	0	38	76.7
39	0	39	73.4
40	0	40	70.3
41	0	41	68.1
42	0	42	63.6
43	0	43	60.4
44	0	44	61.1
45	0	45	59.7
46	0	46	57
47	0	47	53.4
48	0	48	48.1
49	0	49	43
50	0	50	37.9
51	0	51	33.2
52	0	52	30.4
53	0	53	29
54	0	54	28.5
55	0	55	26.079
56	0	56	24.8595
57	0	57	23.718
58	0	58	22.6547
59	0	59	21.6694
60	0	60	20.7622
61	0	61	19.9331
62	0	62	19.182
63	0	63	18.509
64	0	64	17.9142
65	0	65	17.3973
66	0	66	16.9586
67	0	67	16.598
68	0	68	16.3154
69	0	69	16.1109
70	0	70	15.9845
71	0	71	15.9361
72	1	0	15.9659
73	1	1	16.0737
74	1	2	16.2596
75	1	3	16.5235
76	1	4	16.8656
77	1	5	17.2857
78	1	6	17.7839
79	1	7	18.3602
80	1	8	18.8
81	1	9	17.7
82	1	10	17.7
83	1	11	17.7
84	1	12	17.1
85	1	13	18.2
86	1	14	20.6
87	1	15	23.5
88	1	16	26.7
89	1	17	28.5
90	1	18	29.9
91	1	19	34.6
92	1	20	39.6
93	1	21	42.8
94	1	22	47.4
95	1	23	52.4
96	1	24	55.7
97	1	25	59.5
98	1	26	63.2
99	1	27	67.7
100	1	28	71.2
101	1	29	74
102	1	30	77.6
103	1	31	78
104	1	32	78.7
105	1	33	80.7
106	1	34	79.5
107	1	35	78.7
108	1	36	80.1
109	1	37	80.3
110	1	38	79.6
111	1	39	77.6
112	1	40	76.1
113	1	41	76.6
114	1	42	77.4
115	1	43	80.2
116	1	44	83.5
117	1	45	86
118	1	46	87.8
119	1	47	89
120	1	48	91.3
121	1	49	93.7
122	1	50	96.7
123	1	51	99.4
124	1	52	101.8
125	1	53	103.3
126	1	54	104.2
127	1	55	105.5
128	1	56	104.7
129	1	57	103
130	1	58	103.3
131	1	59	95.5929
132	1	60	102.15
133	1	61	108.119
134	1	62	113.499
135	1	63	118.289
136	1	64	122.491
137	1	65	126.105
138	1	66	129.129
139	1	67	131.564
140	1	68	133.411
141	1	69	134.669
142	1	70	135.338
143	1	71	135.418
144	1	72	134.909
145	1	73	133.812
146	1	74	132.125
147	1	75	129.85
148	1	76	126.986
149	1	77	123.533
150	1	78	119.491
151	1	79	114.86
152	1	80	109.641
153	1	81	103.833
154	1	82	97.4355
155	1	83	90.4495
156	1	84	102.8
157	1	85	100.8
158	1	86	97.2
159	1	87	94.5
160	1	88	92.1
161	1	89	88.8
162	1	90	87.3
163	1	91	85.9
164	1	92	83
165	1	93	81.3
166	1	94	78.6
167	1	95	76.3
168	1	96	75.4
169	1	97	77.6
170	1	98	79.9
171	1	99	80.4
172	1	100	81.3
173	1	101	81.7
174	1	102	79.7
175	1	103	78.2
176	1	104	75.7
177	1	105	71.7
178	1	106	68
179	1	107	63.1
180	1	108	58.1
181	1	109	53.3
182	1	110	49.9
183	1	111	48
184	1	112	45.4
185	1	113	43.1
186	1	114	42.2
187	1	115	41.9
188	1	116	41.1
189	1	117	39.2
190	1	118	37.4
191	1	119	35.7
192	1	120	34
193	1	121	32.1
194	1	122	31.9
195	1	123	31.6
196	1	124	30.9
197	1	125	29.9945
198	1	126	26.6484
199	1	127	23.9462
200	1	128	21.8879
201	1	129	20.4736
202	1	130	19.7033
203	1	131	19.5769
204	2	0	20.0945
205	2	1	21.256
206	2	2	23.0615
207	2	3	25.511
208	2	4	28.6044
209	2	5	32.3418
210	2	6	34.3
211	2	7	38.2
212	2	8	43.4
213	2	9	48.8
214	2	10	54.9
215	2	11	60.7
216	2	12	64.9
217	2	13	69.2
218	2	14	71.9
219	2	15	72.8
220	2	16	76.8
221	2	17	83.2
222	2	18	88.4
223	2	19	92.4
224	2	20	96.4
225	2	21	101
226	2	22	105.8
227	2	23	112.4
228	2	24	117.8
229	2	25	119.1
230	2	26	107.359
231	2	27	118.168
232	2	28	128.182
233	2	29	137.4
234	2	30	145.821
235	2	31	153.447
236	2	32	160.276
237	2	33	166.31
238	2	34	171.547
239	2	35	175.989
240	2	36	179.634
241	2	37	182.484
242	2	38	184.537
243	2	39	185.794
244	2	40	186.255
245	2	41	185.921
246	2	42	184.79
247	2	43	182.863
248	2	44	180.14
249	2	45	176.621
250	2	46	172.306
251	2	47	167.195
252	2	48	161.288
253	2	49	154.585
254	2	50	147.086
255	2	51	141.5
256	2	52	148.2
257	2	53	156.5
258	2	54	156.1
259	2	55	148.4
260	2	56	143.5
261	2	57	142.3
262	2	58	139.1
263	2	59	136.4
264	2	60	140.5
265	2	61	148.1
266	2	62	150.1
267	2	63	150.9
268	2	64	144.8
269	2	65	132.5
270	2	66	128.9
271	2	67	129.4
272	2	68	125.7
273	2	69	121.4
274	2	70	117.9
275	2	71	113
276	2	72	107.6
277	2	73	100.1
278	2	74	97.2
279	2	75	94.5
280	2	76	90.6
281	2	77	88.8
282	2	78	83.4
283	2	79	76.9
284	2	80	72.4
285	2	81	67.3
286	2	82	62.3
287	2	83	59.4
288	2	84	57.4
289	2	85	59.4
290	2	86	62.2
291	2	87	63.3
292	2	88	64.8
293	2	89	65.5
294	2	90	64.8
295	2	91	63.7
296	2	92	61.8
297	2	93	59.4
298	2	94	56.9
299	2	95	53.2
300	2	96	48.1
301	2	97	40.6
302	2	98	33
303	2	99	27.7
304	2	100	22.1
305	2	101	17.1308
306	2	102	15.7505
307	2	103	14.6426
308	2	104	13.8068
309	2	105	13.2433
310	2	106	12.9519
311	2	107	12.9329
312	3	0	13.186
313	3	1	13.7114
314	3	2	14.509
315	3	3	15.5788
316	3	4	16.9209
317	3	5	18.5352
318	3	6	18.4
319	3	7	19.5
320	3	8	21.5
321	3	9	24.1
322	3	10	27.2
323	3	11	30.8
324	3	12	34.7
325	3	13	38
326	3	14	42
327	3	15	49.4
328	3	16	59.3
329	3	17	68.4
330	3	18	79.2
331	3	19	91.8
332	3	20	104.9
333	3	21	117.1
334	3	22	130.479
335	3	23	147.903
336	3	24	164.066
337	3	25	178.968
338	3	26	192.609
339	3	27	204.989
340	3	28	216.108
341	3	29	225.966
342	3	30	234.563
343	3	31	241.898
344	3	32	247.973
345	3	33	252.787
346	3	34	256.339
347	3	35	258.631
348	3	36	259.661
349	3	37	259.431
350	3	38	257.939
351	3	39	255.187
352	3	40	251.173
353	3	41	245.898
354	3	42	239.362
355	3	43	231.565
356	3	44	222.508
357	3	45	212.189
358	3	46	200.609
359	3	47	209.5
360	3	48	206.8
361	3	49	199
362	3	50	192.9
363	3	51	188
364	3	52	182.3
365	3	53	178.2
366	3	54	172.5
367	3	55	166.7
368	3	56	163.7
369	3	57	159.2
370	3	58	152.2
371	3	59	144.9
372	3	60	143.3
373	3	61	143.7
374	3	62	139
375	3	63	134
376	3	64	131.9
377	3	65	132.4
378	3	66	132.2
379	3	67	130
380	3	68	125.6
381	3	69	119.2
382	3	70	116.3
383	3	71	115.1
384	3	72	110.4
385	3	73	104.7
386	3	74	101
387	3	75	98
388	3	76	92.6
389	3	77	85
390	3	78	78.3
391	3	79	74.2
392	3	80	71.5
393	3	81	70
394	3	82	67.3
395	3	83	64.5
396	3	84	62.3
397	3	85	60.6
398	3	86	59.9
399	3	87	58.3
400	3	88	55.3
401	3	89	52.2
402	3	90	51
403	3	91	49
404	3	92	46.2
405	3	93	44.1
406	3	94	41.9
407	3	95	39.4
408	3	96	37
409	3	97	33.8
410	3	98	30.6
411	3	99	28.2
412	3	100	25.7
413	3	101	23.4
414	3	102	20.5
415	3	103	18
416	3	104	17.6967
417	3	105	16.5593
418	3	106	15.7844
419	3	107	15.3719
420	3	108	15.3219
421	4	0	15.6343
422	4	1	16.3091
423	4	2	17.3464
424	4	3	18.7461
425	4	4	20.5082
426	4	5	22.6328
427	4	6	25.1198
428	4	7	27.9692
429	4	8	32.4
430	4	9	36.7
431	4	10	39.2
432	4	11	42.3
433	4	12	47.2
434	4	13	52.6
435	4	14	60.1
436	4	15	69.9
437	4	16	77.2
438	4	17	82.7
439	4	18	90.8
440	4	19	101.1
441	4	20	111.2
442	4	21	121
443	4	22	132.2
444	4	23	144.9
445	4	24	155.7
446	4	25	162.5
447	4	26	168.2
448	4	27	174
449	4	28	179.8
450	4	29	185.7
451	4	30	195.719
452	4	31	201.141
453	4	32	206.101
454	4	33	210.599
455	4	34	214.635
456	4	35	218.209
457	4	36	221.322
458	4	37	223.972
459	4	38	226.161
460	4	39	227.888
461	4	40	229.153
462	4	41	229.956
463	4	42	230.297
464	4	43	230.176
465	4	44	229.594
466	4	45	228.549
467	4	46	227.043
468	4	47	225.074
469	4	48	222.644
470	4	49	219.752
471	4	50	216.399
472	4	51	212.583
473	4	52	208.305
474	4	53	203.566
475	4	54	198.364
476	4	55	199.8
477	4	56	194.2
478	4	57	193.3
479	4	58	196.4
480	4	59	196.1
481	4	60	195.5
482	4	61	194
483	4	62	190.3
484	4	63	186.1
485	4	64	182
486	4	65	176.7
487	4	66	172.3
488	4	67	168.7
489	4	68	166
490	4	69	162
491	4	70	154.1
492	4	71	147.7
493	4	72	141.1
494	4	73	135
495	4	74	132.2
496	4	75	129.7
497	4	76	126.5
498	4	77	124.8
499	4	78	121.9
500	4	79	118.1
501	4	80	115.7
502	4	81	113.1
503	4	82	111.5
504	4	83	109.9
505	4	84	109.1
506	4	85	108.4
507	4	86	107.6
508	4	87	106.7
509	4	88	105.6
510	4	89	103.7
511	4	90	103.1
512	4	91	103.7
513	4	92	103
514	4	93	102.2
515	4	94	100.8
516	4	95	99.9
517	4	96	99.2
518	4	97	98
519	4	98	95.9
520	4	99	93.7
521	4	100	92.3
522	4	101	91.9
523	4	102	90.1
524	4	103	85.5
525	4	104	82.2
526	4	105	80.5
527	4	106	78.9
528	4	107	77.4
529	4	108	75.9
530	4	109	73.9
531	4	110	71
532	4	111	69.5
533	4	112	69.1
534	4	113	67.8
535	4	114	67.9
536	4	115	67.7
537	4	116	65.6
538	4	117	65.9
539	4	118	67.9
540	4	119	66.7
541	4	120	64.8
542	4	121	62.7
543	4	122	60.3
544	4	123	57.9
545	4	124	54.5
546	4	125	50.8
547	4	126	47.9
548	4	127	47.1
549	4	128	46.6
550	4	129	43
551	4	130	37.8
552	4	131	35.5
553	4	132	34.4
554	4	133	33.5
555	4	134	34.6
556	4	135	34.9
557	4	136	33.4
558	4	137	33.7
559	4	138	33
560	4	139	31.6
561	4	140	31.4
562	4	141	29.6
563	4	142	27.6
564	4	143	26.2
565	4	144	24.3
566	4	145	22.1
567	4	146	19.4
568	4	147	16.5
569	4	148	15.9
570	4	149	14.6
571	4	150	13.3
572	4	151	12.8
573	4	152	11.6
574	4	153	11.1
575	4	154	10.8
576	4	155	9.8
577	4	156	8.9
578	4	157	9.5
579	4	158	10.2429
580	4	159	8.86813
581	4	160	7.73596
582	4	161	6.84635
583	4	162	6.1993
584	4	163	5.79481
585	4	164	5.63287
586	5	0	5.71349
587	5	1	6.03666
588	5	2	6.6024
589	5	3	7.41069
590	5	4	8.46154
591	5	5	9.75495
592	5	6	10.8
593	5	7	12.1
594	5	8	13
595	5	9	12.9
596	5	10	12.5
597	5	11	12.6
598	5	12	12.1
599	5	13	11.4
600	5	14	11.6
601	5	15	11.8
602	5	16	11
603	5	17	9.9
604	5	18	9.1
605	5	19	9.8
606	5	20	12
607	5	21	14.6
608	5	22	16.8
609	5	23	18.1
610	5	24	19.2
611	5	25	21.9
612	5	26	25.5
613	5	27	28.3
614	5	28	30.8
615	5	29	34
616	5	30	38.1
617	5	31	40.5
618	5	32	42
619	5	33	44.3
620	5	34	47.1
621	5	35	50.1
622	5	36	53.5
623	5	37	56.1
624	5	38	58.1
625	5	39	60.8
626	5	40	62.8
627	5	41	64.3
628	5	42	65.9
629	5	43	67.8
630	5	44	69.7
631	5	45	71.4
632	5	46	73.4
633	5	47	75.1
634	5	48	75.2
635	5	49	74.9
636	5	50	75.2
637	5	51	75.6
638	5	52	75.1
639	5	53	73.1
640	5	54	72
641	5	55	71.3
642	5	56	70.6
643	5	57	69.5
644	5	58	68
645	5	59	68.6
646	5	60	70.9
647	5	61	71.9
648	5	62	71.4
649	5	63	70.9
650	5	64	72
651	5	65	75.1
652	5	66	76.1
653	5	67	75.3
654	5	68	73.9
655	5	69	73.1793
656	5	70	74.9146
657	5	71	76.4211
658	5	72	77.6988
659	5	73	78.7477
660	5	74	79.5678
661	5	75	80.159
662	5	76	80.5214
663	5	77	80.655
664	5	78	80.5598
665	5	79	80.2358
666	5	80	79.6829
667	5	81	78.9013
668	5	82	77.8908
669	5	83	76.6515
670	5	84	75.1834
671	5	85	73.4864
672	5	86	71.5607
673	5	87	69.4061
674	5	88	67.0227
675	5	89	64.4105
676	5	90	61.5694
677	5	91	58.4996
678	5	92	55.2009
679	5	93	51.6734
680	5	94	52.8
681	5	95	51.2
682	5	96	49.9
683	5	97	47.8
684	5	98	45
685	5	99	41.9
686	5	100	39.1
687	5	101	37.2
688	5	102	35.8
689	5	103	33.7
690	5	104	31.6
691	5	105	29.4
692	5	106	27.1
693	5	107	24.5
694	5	108	21.6
695	5	109	18.4
696	5	110	15.9
697	5	111	14.6
698	5	112	13.4
699	5	113	11.9
700	5	114	11.3
701	5	115	11.7
702	5	116	11.4
703	5	117	10.7
704	5	118	10.8
705	5	119	11
706	5	120	11.3
707	5	121	12.7
708	5	122	14.1
709	5	123	14.9
710	5	124	15.3
711	5	125	14.7
712	5	126	13.2
713	5	127	12
714	5	128	11.1
715	5	129	10.1
716	5	130	8.8
717	5	131	7.7
718	5	132	6.7
719	5	133	5.1
720	5	134	3.65495
721	5	135	2.76593
722	5	136	2.01758
723	5	137	1.40989
724	5	138	0.942857
725	5	139	0.616484
726	5	140	0.430769
727	5	141	0.385714
728	6	0	0.481319
729	6	1	0.717582
730	6	2	1.09451
731	6	3	1.61209
732	6	4	2.27033
733	6	5	2.3
734	6	6	3.1
735	6	7	4.1
736	6	8	4.2
737	6	9	4.3
738	6	10	4.4
739	6	11	4.5
740	6	12	4.2
741	6	13	4.9
742	6	14	6.1
743	6	15	6.2
744	6	16	6.5
745	6	17	7.6
746	6	18	7.5
747	6	19	7.3
748	6	20	7.9
749	6	21	9.2
750	6	22	10.6
751	6	23	11.6
752	6	24	13.6
753	6	25	14.3
754	6	26	14.5
755	6	27	16.9
756	6	28	19.1
757	6	29	20
758	6	30	21.9
759	6	31	23.5
760	6	32	23.9
761	6	33	24.7
762	6	34	25.2
763	6	35	25.5
764	6	36	25.7
765	6	37	25.3
766	6	38	24.4
767	6	39	23.3
768	6	40	22.6
769	6	41	22.8
770	6	42	23
771	6	43	24.2
772	6	44	27
773	6	45	29
774	6	46	29.8
775	6	47	33
776	6	48	37
777	6	49	41.3
778	6	50	46
779	6	51	48.6
780	6	52	54.923
781	6	53	58.4
782	6	54	61.6165
783	6	55	64.5724
784	6	56	67.2677
785	6	57	69.7025
786	6	58	71.8768
787	6	59	73.7904
788	6	60	75.4436
789	6	61	76.8361
790	6	62	77.9681
791	6	63	78.8396
792	6	64	79.4505
793	6	65	79.8008
794	6	66	79.8906
795	6	67	79.7198
796	6	68	79.2885
797	6	69	78.5966
798	6	70	77.6442
799	6	71	76.4311
800	6	72	74.9576
801	6	73	73.2235
802	6	74	71.2288
803	6	75	68.9735
804	6	76	66.4577
805	6	77	68.5
806	6	78	68.3
807	6	79	65.8
808	6	80	58.4
809	6	81	54
810	6	82	56.8
811	6	83	58.8
812	6	84	57
813	6	85	54.6
814	6	86	52.9
815	6	87	52.6
816	6	88	51.7
817	6	89	50.3
818	6	90	50
819	6	91	49.7
820	6	92	48.1
821	6	93	45.6
822	6	94	42.3
823	6	95	39.9
824	6	96	40
825	6	97	39.9
826	6	98	38.7
827	6	99	37.6
828	6	100	38.3
829	6	101	39.6
830	6	102	39
831	6	103	38.5
832	6	104	38.9
833	6	105	38.9
834	6	106	39.6
835	6	107	38.6
836	6	108	36.1
837	6	109	35.3
838	6	110	34.6
839	6	111	32.7
840	6	112	30.2
841	6	113	27.5
842	6	114	26.2
843	6	115	24.8
844	6	116	23.3
845	6	117	22.7
846	6	118	20
847	6	119	17.5
848	6	120	15.6
849	6	121	12.9
850	6	122	11.4
851	6	123	12
852	6	124	12.5
853	6	125	11.6
854	6	126	9.5
855	6	127	7.8
856	6	128	8.3
857	6	129	9.3
858	6	130	9.5
859	6	131	9.8
860	6	132	10.4
861	6	133	10.6
862	6	134	10.1
863	6	135	8.5
864	6	136	6.9
865	6	137	6.6
866	6	138	6.6
867	6	139	6.5
868	6	140	5.61758
869	6	141	3.78571
870	6	142	2.32118
871	6	143	1.22398
872	6	144	0.494106
873	6	145	0.131568
874	7	0	0.136364
875	7	1	0.508492
876	7	2	1.24795
877	7	3	2.35475
878	7	4	3.82887
879	7	5	5.67033
880	7	6	7.87912
881	7	7	8.7
882	7	8	10.3
883	7	9	10.5
884	7	10	10.4
885	7	11	10.5
886	7	12	12
887	7	13	15.2
888	7	14	17
889	7	15	15.6
890	7	16	13.1
891	7	17	12.3
892	7	18	14.2
893	7	19	14.6
894	7	20	14.4
895	7	21	16.4
896	7	22	19.6
897	7	23	23.4
898	7	24	24.8
899	7	25	23.8
900	7	26	23.9
901	7	27	26.2
902	7	28	28.6
903	7	29	29.6
904	7	30	30.8
905	7	31	33.2
906	7	32	35.8
907	7	33	38.4
908	7	34	41.4
909	7	35	43.9
910	7	36	45.1
911	7	37	47.8
912	7	38	52.1
913	7	39	57.2
914	7	40	61.6
915	7	41	64.8
916	7	42	68.3
917	7	43	71.3
918	7	44	74.5
919	7	45	77.5
920	7	46	78.2
921	7	47	78.5
922	7	48	81.6
923	7	49	84.1
924	7	50	85
925	7	51	84.1
926	7	52	83.8
927	7	53	86.3
928	7	54	88
929	7	55	89.5
930	7	56	92.9
931	7	57	98
932	7	58	101.7
933	7	59	104.1
934	7	60	105.8
935	7	61	105.7
936	7	62	106.2
937	7	63	106.9
938	7	64	106.3
939	7	65	104.6
940	7	66	104
941	7	67	106.9
942	7	68	104.116
943	7	69	105.573
944	7	70	106.928
945	7	71	108.18
946	7	72	109.329
947	7	73	110.376
948	7	74	111.32
949	7	75	112.161
950	7	76	112.901
951	7	77	113.537
952	7	78	114.071
953	7	79	114.502
954	7	80	114.831
955	7	81	115.057
956	7	82	115.181
957	7	83	115.202
958	7	84	115.12
959	7	85	114.936
960	7	86	114.649
961	7	87	114.26
962	7	88	113.768
963	7	89	113.174
964	7	90	112.477
965	7	91	111.677
966	7	92	110.775
967	7	93	102.4
968	7	94	100.3
969	7	95	100.7
970	7	96	99.3
971	7	97	95
972	7	98	89.7
973	7	99	83.4
974	7	100	78.6
975	7	101	77.8
976	7	102	75.5
977	7	103	70.9
978	7	104	69.2
979	7	105	69
980	7	106	66.4
981	7	107	61
982	7	108	55.7
983	7	109	51.9
984	7	110	48.1
985	7	111	46
986	7	112	44.5
987	7	113	40.3
988	7	114	34.5
989	7	115	29.8
990	7	116	26.2
991	7	117	22.4
992	7	118	20.1
993	7	119	19.4
994	7	120	19.5
995	7	121	18.7
996	7	122	16.9484
997	7	123	15.556
998	7	124	14.4035
999	7	125	13.4907
1000	7	126	12.8177
1001	7	127	12.3844
1002	7	128	12.1909
1003	8	0	12.2372
1004	8	1	12.5232
1005	8	2	13.049
1006	8	3	13.8145
1007	8	4	14.8198
1008	8	5	16.0648
1009	8	6	20.4
1010	8	7	22.3
1011	8	8	22.9
1012	8	9	24.4
1013	8	10	29.7
1014	8	11	36.2
1015	8	12	40.4
1016	8	13	45.7
1017	8	14	53.1
1018	8	15	63.1
1019	8	16	74.2
1020	8	17	83.9
1021	8	18	91.7
1022	8	19	100.4
1023	8	20	111.8
1024	8	21	123
1025	8	22	134.1
1026	8	23	144.5
1027	8	24	155.6
1028	8	25	165.9
1029	8	26	173.2
1030	8	27	172.469
1031	8	28	182.695
1032	8	29	192.065
1033	8	30	200.578
1034	8	31	208.235
1035	8	32	215.035
1036	8	33	220.978
1037	8	34	226.065
1038	8	35	230.295
1039	8	36	233.668
1040	8	37	236.185
1041	8	38	237.845
1042	8	39	238.649
1043	8	40	238.596
1044	8	41	237.686
1045	8	42	235.919
1046	8	43	233.296
1047	8	44	229.816
1048	8	45	225.48
1049	8	46	220.287
1050	8	47	214.237
1051	8	48	207.331
1052	8	49	199.568
1053	8	50	190.948
1054	8	51	181.472
1055	8	52	185.3
1056	8	53	180.9
1057	8	54	175.4
1058	8	55	169.2
1059	8	56	167.7
1060	8	57	164.6
1061	8	58	155.7
1062	8	59	145.4
1063	8	60	136.8
1064	8	61	132.4
1065	8	62	134.4
1066	8	63	142.1
1067	8	64	146.2
1068	8	65	145.6
1069	8	66	143.9
1070	8	67	141.1
1071	8	68	138.4
1072	8	69	136.7
1073	8	70	136.3
1074	8	71	137.6
1075	8	72	138.3
1076	8	73	136.2
1077	8	74	129.4
1078	8	75	120.2
1079	8	76	113.6
1080	8	77	110.1
1081	8	78	108.4
1082	8	79	103.8
1083	8	80	95.8
1084	8	81	89.1
1085	8	82	84.7
1086	8	83	82.8
1087	8	84	83.2
1088	8	85	81.6
1089	8	86	78.2
1090	8	87	74.4
1091	8	88	69.9
1092	8	89	65.7
1093	8	90	62.2
1094	8	91	61
1095	8	92	60.2
1096	8	93	59
1097	8	94	57.6
1098	8	95	53.7
1099	8	96	48.3
1100	8	97	44.6
1101	8	98	42.4
1102	8	99	40.3
1103	8	100	39.7
1104	8	101	41.8
1105	8	102	41.8
1106	8	103	39.8
1107	8	104	38
1108	8	105	35.8
1109	8	106	33.7
1110	8	107	32.2
1111	8	108	31.3
1112	8	109	31.1703
1113	8	110	28.156
1114	8	111	25.539
1115	8	112	23.3191
1116	8	113	21.4964
1117	8	114	20.0709
1118	8	115	19.0427
1119	8	116	18.4116
1120	8	117	18.1777
1121	9	0	18.3411
1122	9	1	18.9016
1123	9	2	19.8593
1124	9	3	21.2143
1125	9	4	21.4
1126	9	5	22.4
1127	9	6	23.7
1128	9	7	24.3
1129	9	8	24.3
1130	9	9	26
1131	9	10	29.2
1132	9	11	33.3
1133	9	12	37.9
1134	9	13	42.9
1135	9	14	47.3
1136	9	15	49.9
1137	9	16	51.1
1138	9	17	53.3
1139	9	18	56.2
1140	9	19	59.5
1141	9	20	64.1
1142	9	21	67.7
1143	9	22	69.1
1144	9	23	71
1145	9	24	73.3
1146	9	25	75
1147	9	26	78.2
1148	9	27	81.7
1149	9	28	84.4
1150	9	29	91.3
1151	9	30	97.8
1152	9	31	100.3
1153	9	32	102.1
1154	9	33	104.2
1155	9	34	105.4
1156	9	35	106.5
1157	9	36	106.3
1158	9	37	105.7
1159	9	38	108.2
1160	9	39	110
1161	9	40	119.55
1162	9	41	130.928
1163	9	42	141.606
1164	9	43	151.584
1165	9	44	160.863
1166	9	45	169.442
1167	9	46	177.321
1168	9	47	184.501
1169	9	48	190.982
1170	9	49	196.762
1171	9	50	201.843
1172	9	51	206.225
1173	9	52	209.906
1174	9	53	212.888
1175	9	54	215.171
1176	9	55	216.754
1177	9	56	217.637
1178	9	57	217.821
1179	9	58	217.305
1180	9	59	216.089
1181	9	60	214.174
1182	9	61	211.559
1183	9	62	208.244
1184	9	63	204.23
1185	9	64	199.516
1186	9	65	196.7
1187	9	66	193.6
1188	9	67	189.9
1189	9	68	186.4
1190	9	69	176.8
1191	9	70	167.2
1192	9	71	162.7
1193	9	72	157
1194	9	73	150.9
1195	9	74	148.5
1196	9	75	144.6
1197	9	76	141
1198	9	77	139.9
1199	9	78	139.3
1200	9	79	135.7
1201	9	80	129.4
1202	9	81	126.3
1203	9	82	127.4
1204	9	83	127.3
1205	9	84	126.8
1206	9	85	127.9
1207	9	86	127.4
1208	9	87	126.6
1209	9	88	126.1
1210	9	89	124.3
1211	9	90	122.2
1212	9	91	121.2
1213	9	92	121.7
1214	9	93	121.9
1215	9	94	118.3
1216	9	95	114.9
1217	9	96	115.4
1218	9	97	115.5
1219	9	98	113.6
1220	9	99	112.8
1221	9	100	111.8
1222	9	101	108
1223	9	102	106
1224	9	103	106.6
1225	9	104	104.8
1226	9	105	100.6
1227	9	106	96.6
1228	9	107	92.9
1229	9	108	89.6
1230	9	109	86.6
1231	9	110	84.5
1232	9	111	84.2
1233	9	112	85.4
1234	9	113	85.9
1235	9	114	83.6
1236	9	115	79.6
1237	9	116	75.9
1238	9	117	72.1
1239	9	118	68.3
1240	9	119	65.1
1241	9	120	62.1
1242	9	121	59.6
1243	9	122	57.3
1244	9	123	53.6
1245	9	124	48.7
1246	9	125	45.1
1247	9	126	41.9
1248	9	127	39.5
1249	9	128	39.3
1250	9	129	38.9
1251	9	130	38
1252	9	131	37
1253	9	132	35
1254	9	133	32.1
1255	9	134	29.6
1256	9	135	26.9
1257	9	136	24.5
1258	9	137	21.7
1259	9	138	19.7
1260	9	139	17.5
1261	9	140	13.6451
1262	9	141	11.8165
1263	9	142	10.2444
1264	9	143	8.92867
1265	9	144	7.86943
1266	9	145	7.06663
1267	9	146	6.52028
1268	9	147	6.23037
1269	9	148	6.1969
1270	10	0	6.41988
1271	10	1	6.8993
1272	10	2	7.63516
1273	10	3	8.62747
1274	10	4	9.3
1275	10	5	10.5
1276	10	6	11.1
1277	10	7	11.8
1278	10	8	14.5
1279	10	9	17.6
1280	10	10	19.8
1281	10	11	22.1
1282	10	12	26
1283	10	13	31.8
1284	10	14	36.6
1285	10	15	40.8
1286	10	16	45.2
1287	10	17	49.4
1288	10	18	55.7
1289	10	19	62
1290	10	20	65.1
1291	10	21	68.4
1292	10	22	73.4
1293	10	23	79.1
1294	10	24	85.2
1295	10	25	92.2
1296	10	26	97.8
1297	10	27	101.8
1298	10	28	107.6
1299	10	29	115.3
1300	10	30	122.1
1301	10	31	128.5
1302	10	32	136.1
1303	10	33	143.4
1304	10	34	149.8
1305	10	35	160.475
1306	10	36	163.999
1307	10	37	167.234
1308	10	38	170.18
1309	10	39	172.837
1310	10	40	175.204
1311	10	41	177.281
1312	10	42	179.07
1313	10	43	180.569
1314	10	44	181.778
1315	10	45	182.699
1316	10	46	183.329
1317	10	47	183.671
1318	10	48	183.723
1319	10	49	183.486
1320	10	50	182.96
1321	10	51	182.144
1322	10	52	181.039
1323	10	53	179.644
1324	10	54	177.96
1325	10	55	175.987
1326	10	56	173.725
1327	10	57	171.173
1328	10	58	168.332
1329	10	59	165.201
1330	10	60	160.6
1331	10	61	157.9
1332	10	62	152.6
1333	10	63	147.8
1334	10	64	146.7
1335	10	65	145.7
1336	10	66	140.1
1337	10	67	132
1338	10	68	129.1
1339	10	69	129.4
1340	10	70	128.7
1341	10	71	126.7
1342	10	72	124.1
1343	10	73	121
1344	10	74	118.8
1345	10	75	115.4
1346	10	76	111.1
1347	10	77	109.3
1348	10	78	110.5
1349	10	79	111.3
1350	10	80	109.4
1351	10	81	105.1
1352	10	82	98.5
1353	10	83	94.1
1354	10	84	89.4
1355	10	85	85.7
1356	10	86	84.5
1357	10	87	83.5
1358	10	88	84.3
1359	10	89	84.3
1360	10	90	83.5
1361	10	91	83.1
1362	10	92	81.7
1363	10	93	82
1364	10	94	85.1
1365	10	95	87.4
1366	10	96	88.5
1367	10	97	88.5
1368	10	98	89.6
1369	10	99	90.2
1370	10	100	88.5
1371	10	101	87.1
1372	10	102	84.4
1373	10	103	81.8
1374	10	104	80.8
1375	10	105	78.4
1376	10	106	74.3
1377	10	107	70.7
1378	10	108	68.8
1379	10	109	66.9
1380	10	110	63
1381	10	111	59.1
1382	10	112	56.5
1383	10	113	55.1
1384	10	114	53.8
1385	10	115	51.7
1386	10	116	49.1
1387	10	117	46
1388	10	118	43.3
1389	10	119	39.9
1390	10	120	36.8
1391	10	121	35.4
1392	10	122	34
1393	10	123	31.9
1394	10	124	28.5
1395	10	125	23
1396	10	126	19.4484
1397	10	127	16.5626
1398	10	128	14.2002
1399	10	129	12.361
1400	10	130	11.0452
1401	10	131	10.2525
1402	10	132	9.98322
1403	11	0	10.2372
1404	11	1	11.0144
1405	11	2	12.3149
1406	11	3	14.1387
1407	11	4	16.4857
1408	11	5	19.356
1409	11	6	22.4
1410	11	7	26.2
1411	11	8	29.8
1412	11	9	33.5
1413	11	10	37.1
1414	11	11	41.6
1415	11	12	47.3
1416	11	13	53.9
1417	11	14	60
1418	11	15	65.8
1419	11	16	72.1
1420	11	17	77
1421	11	18	79.1
1422	11	19	84.8
1423	11	20	95.5
1424	11	21	103
1425	11	22	108.2
1426	11	23	113.7
1427	11	24	115.9
1428	11	25	117
1429	11	26	120.9
1430	11	27	124.6
1431	11	28	127.589
1432	11	29	142.111
1433	11	30	155.527
1434	11	31	167.838
1435	11	32	179.044
1436	11	33	189.145
1437	11	34	198.141
1438	11	35	206.032
1439	11	36	212.818
1440	11	37	218.498
1441	11	38	223.073
1442	11	39	226.544
1443	11	40	228.909
1444	11	41	230.169
1445	11	42	230.324
1446	11	43	229.374
1447	11	44	227.319
1448	11	45	224.158
1449	11	46	219.893
1450	11	47	214.522
1451	11	48	208.046
1452	11	49	200.465
1453	11	50	191.779
1454	11	51	181.988
1455	11	52	171.092
1456	11	53	179.7
1457	11	54	171.8
1458	11	55	164.9
1459	11	56	163.6
1460	11	57	165
1461	11	58	164
1462	11	59	165.2
1463	11	60	168.5
1464	11	61	169.9
1465	11	62	169.9
1466	11	63	170
1467	11	64	169.6
1468	11	65	169.3
1469	11	66	168.2
1470	11	67	162.3
1471	11	68	153.6
1472	11	69	146.4
1473	11	70	142
1474	11	71	135.6
1475	11	72	127.1
1476	11	73	119.3
1477	11	74	112.9
1478	11	75	108.7
1479	11	76	103.9
1480	11	77	97.4
1481	11	78	90.7
1482	11	79	87.4
1483	11	80	86.7
1484	11	81	86.3
1485	11	82	85.9
1486	11	83	84.1
1487	11	84	81.9
1488	11	85	79.2
1489	11	86	75.9
1490	11	87	71.3
1491	11	88	65.2
1492	11	89	61.3
1493	11	90	60.2
1494	11	91	57.7
1495	11	92	54.4
1496	11	93	49.6
1497	11	94	42.5
1498	11	95	37.5
1499	11	96	34.2
1500	11	97	31.9
1501	11	98	29.8
1502	11	99	28.4
1503	11	100	27.9
1504	11	101	27.3
1505	11	102	25.2
1506	11	103	22.9
1507	11	104	20.9
1508	11	105	19.5
1509	11	106	19.3
1510	11	107	19.4
1511	11	108	20.1
1512	11	109	19.6
1513	11	110	19
1514	11	111	19.5
1515	11	112	19.8
1516	11	113	18.1
1517	11	114	17.7
1518	11	115	19.8
1519	11	116	21.8
1520	11	117	22
1521	11	118	21.2
1522	11	119	21.5
1523	11	120	21.4
1524	11	121	21.2
1525	11	122	21.1
1526	11	123	19.2
1527	11	124	17.6
1528	11	125	17.2
1529	11	126	15.8
1530	11	127	13.6
1531	11	128	12
1532	11	129	11
1533	11	130	10.2
1534	11	131	8.9
1535	11	132	7.8
1536	11	133	6.7
1537	11	134	6.2022
1538	11	135	5.31648
1539	11	136	4.64496
1540	11	137	4.18761
1541	11	138	3.94446
1542	11	139	3.91548
1543	12	0	4.1007
1544	12	1	4.5001
1545	12	2	5.11369
1546	12	3	5.94146
1547	12	4	6.98342
1548	12	5	8.23956
1549	12	6	9.70989
1550	12	7	11.6
1551	12	8	15.1
1552	12	9	18.3
1553	12	10	20.5
1554	12	11	22.9
1555	12	12	26.4
1556	12	13	29.4
1557	12	14	33
1558	12	15	39.8
1559	12	16	46.1
1560	12	17	49.4
1561	12	18	52.2
1562	12	19	54.6
1563	12	20	57.3
1564	12	21	61.3
1565	12	22	65.8
1566	12	23	69.4
1567	12	24	72.6
1568	12	25	78.3
1569	12	26	82.8
1570	12	27	82.6
1571	12	28	83.2
1572	12	29	86.4
1573	12	30	89.3
1574	12	31	91.1
1575	12	32	92.8
1576	12	33	95.1
1577	12	34	99.2
1578	12	35	103.7
1579	12	36	104.1
1580	12	37	100.8
1581	12	38	97.4
1582	12	39	96.5
1583	12	40	96.4
1584	12	41	98.1
1585	12	42	99.8
1586	12	43	100.5
1587	12	44	100
1588	12	45	96.7
1589	12	46	94.1
1590	12	47	90.9
1591	12	48	85.983
1592	12	49	91.2891
1593	12	50	96.1272
1594	12	51	100.497
1595	12	52	104.399
1596	12	53	107.833
1597	12	54	110.8
1598	12	55	113.298
1599	12	56	115.328
1600	12	57	116.89
1601	12	58	117.984
1602	12	59	118.61
1603	12	60	118.768
1604	12	61	118.458
1605	12	62	117.68
1606	12	63	116.434
1607	12	64	114.72
1608	12	65	112.538
1609	12	66	109.888
1610	12	67	106.771
1611	12	68	103.185
1612	12	69	99.1307
1613	12	70	94.6088
1614	12	71	89.6188
1615	12	72	84.1609
1616	12	73	95.1
1617	12	74	95.7
1618	12	75	93.7
1619	12	76	91.6
1620	12	77	90.5
1621	12	78	88.4
1622	12	79	85.7
1623	12	80	81.6
1624	12	81	79
1625	12	82	78.7
1626	12	83	75
1627	12	84	68.2
1628	12	85	61.7
1629	12	86	56.9
1630	12	87	53.3
1631	12	88	50
1632	12	89	45.7
1633	12	90	43
1634	12	91	41
1635	12	92	38.8
1636	12	93	34.2
1637	12	94	28
1638	12	95	24.7
1639	12	96	23.1
1640	12	97	21.9
1641	12	98	21.7
1642	12	99	21
1643	12	100	19.9
1644	12	101	20.2
1645	12	102	21.2
1646	12	103	21.9
1647	12	104	21.7
1648	12	105	21.5
1649	12	106	21.6
1650	12	107	20.6
1651	12	108	19.1
1652	12	109	17.1
1653	12	110	14.4
1654	12	111	13.2
1655	12	112	13
1656	12	113	12.9
1657	12	114	12.2
1658	12	115	10.4
1659	12	116	9.7
1660	12	117	9.7
1661	12	118	9.5
1662	12	119	9.2
1663	12	120	8.8
1664	12	121	9.2
1665	12	122	10.9
1666	12	123	12
1667	12	124	11.8
1668	12	125	11.1
1669	12	126	10.4
1670	12	127	10.7
1671	12	128	10.5
1672	12	129	10.2978
1673	12	130	9.55165
1674	12	131	9.02727
1675	12	132	8.72468
1676	12	133	8.64386
1677	13	0	8.78482
1678	13	1	9.14755
1679	13	2	9.73207
1680	13	3	10.5384
1681	13	4	11.5664
1682	13	5	12.8163
1683	13	6	14.2879
1684	13	7	15.9813
1685	13	8	17.9
1686	13	9	21.7
1687	13	10	27.5
1688	13	11	34.1
1689	13	12	39
1690	13	13	43.3
1691	13	14	48.7
1692	13	15	53.7
1693	13	16	57.7
1694	13	17	63.2
1695	13	18	70.8
1696	13	19	77.3
1697	13	20	83.5
1698	13	21	89.5
1699	13	22	94.2
1700	13	23	97.4
1701	13	24	103.3
1702	13	25	108.7
1703	13	26	110.6
1704	13	27	113.6
1705	13	28	118.4
1706	13	29	122
1707	13	30	122.2
1708	13	31	123.1
1709	13	32	125.5
1710	13	33	127.2
1711	13	34	128.5
1712	13	35	131.248
1713	13	36	133.704
1714	13	37	135.88
1715	13	38	137.774
1716	13	39	139.387
1717	13	40	140.719
1718	13	41	141.77
1719	13	42	142.54
1720	13	43	143.029
1721	13	44	143.237
1722	13	45	143.163
1723	13	46	142.809
1724	13	47	142.173
1725	13	48	141.256
1726	13	49	140.058
1727	13	50	138.579
1728	13	51	136.819
1729	13	52	134.778
1730	13	53	132.456
1731	13	54	129.852
1732	13	55	126.967
1733	13	56	123.802
1734	13	57	120.355
1735	13	58	116.627
1736	13	59	112.618
1737	13	60	108.7
1738	13	61	108
1739	13	62	106.9
1740	13	63	105.8
1741	13	64	105.9
1742	13	65	104.2
1743	13	66	101.2
1744	13	67	99.9
1745	13	68	96.9
1746	13	69	91.9
1747	13	70	87.5
1748	13	71	85.8
1749	13	72	82.7
1750	13	73	80.1
1751	13	74	77.6
1752	13	75	74.2
1753	13	76	71.7
1754	13	77	70.5
1755	13	78	69.4
1756	13	79	65.8
1757	13	80	63.4
1758	13	81	62
1759	13	82	58.8
1760	13	83	55
1761	13	84	53.4
1762	13	85	52.1
1763	13	86	50.2
1764	13	87	47.1
1765	13	88	44.4
1766	13	89	43.1
1767	13	90	42.8
1768	13	91	44
1769	13	92	43.5
1770	13	93	42.7
1771	13	94	43.9
1772	13	95	43.3
1773	13	96	42.7
1774	13	97	42.4
1775	13	98	42.9
1776	13	99	45.8
1777	13	100	46
1778	13	101	43.8
1779	13	102	41.2
1780	13	103	37.9
1781	13	104	36.4
1782	13	105	35.2
1783	13	106	33.8
1784	13	107	34
1785	13	108	32.3
1786	13	109	28.5
1787	13	110	25.2
1788	13	111	22.1
1789	13	112	20.3
1790	13	113	19.5
1791	13	114	19.1
1792	13	115	18.8
1793	13	116	18.2
1794	13	117	18.9
1795	13	118	18.8
1796	13	119	17.9
1797	13	120	17.6
1798	13	121	17.7
1799	13	122	17.7
1800	13	123	17.5
1801	13	124	16.5
1802	13	125	15.2
1803	13	126	13.7
1804	13	127	12.7
1805	13	128	11.3
1806	13	129	9.8
1807	13	130	9
1808	13	131	8.1
1809	13	132	7.3
1810	13	133	6.5
1811	13	134	5.4
1812	13	135	4.7
1813	13	136	4.6
1814	14	0	5.74505
1815	14	1	5.34835
1816	14	2	5.07073
1817	14	3	4.91219
1818	14	4	4.87273
1819	14	5	4.95235
1820	14	6	5.15105
1821	14	7	5.46883
1822	14	8	5.90569
1823	14	9	6.46164
1824	14	10	7.13666
1825	14	11	7.93077
1826	14	12	8.84396
1827	14	13	10
1828	14	14	11.3
1829	14	15	13.1
1830	14	16	15.8
1831	14	17	17.6
1832	14	18	20.5
1833	14	19	24.2
1834	14	20	26.3
1835	14	21	28.1
1836	14	22	32.1
1837	14	23	37.6
1838	14	24	42.3
1839	14	25	44.4
1840	14	26	46.6
1841	14	27	49.4
1842	14	28	52.3
1843	14	29	55.8
1844	14	30	59.1
1845	14	31	62.7
1846	14	32	66.1
1847	14	33	68.5
1848	14	34	69.1
1849	14	35	69.3
1850	14	36	71.5
1851	14	37	77.4
1852	14	38	83
1853	14	39	84.1
1854	14	40	84.4
1855	14	41	85.5
1856	14	42	87.6
1857	14	43	93.6443
1858	14	44	94.9826
1859	14	45	96.2066
1860	14	46	97.3164
1861	14	47	98.312
1862	14	48	99.1934
1863	14	49	99.9606
1864	14	50	100.614
1865	14	51	101.152
1866	14	52	101.577
1867	14	53	101.887
1868	14	54	102.083
1869	14	55	102.165
1870	14	56	102.133
1871	14	57	101.987
1872	14	58	101.726
1873	14	59	101.351
1874	14	60	100.862
1875	14	61	100.259
1876	14	62	99.5412
1877	14	63	98.7095
1878	14	64	97.7636
1879	14	65	96.7035
1880	14	66	95.5292
1881	14	67	94.2406
1882	14	68	94
1883	14	69	99.4
1884	14	70	104.2
1885	14	71	104.6
1886	14	72	100.8
1887	14	73	93.1
1888	14	74	85.7
1889	14	75	83.8
1890	14	76	84
1891	14	77	84.4
1892	14	78	84.3
1893	14	79	86.1
1894	14	80	88.7
1895	14	81	86.6
1896	14	82	83.1
1897	14	83	81.5
1898	14	84	82.2
1899	14	85	84.3
1900	14	86	87.8
1901	14	87	88.6
1902	14	88	86.5
1903	14	89	84.4
1904	14	90	82.4
1905	14	91	77.4
1906	14	92	69.4
1907	14	93	67.9
1908	14	94	70.4
1909	14	95	72.1
1910	14	96	71
1911	14	97	67.9
1912	14	98	63.7
1913	14	99	58.9
1914	14	100	56.3
1915	14	101	54.6
1916	14	102	52.4
1917	14	103	50.1
1918	14	104	48.4
1919	14	105	46.2
1920	14	106	41.2
1921	14	107	34.4
1922	14	108	29.4
1923	14	109	26.2
1924	14	110	23.7
1925	14	111	23.3
1926	14	112	23
1927	14	113	21.4
1928	14	114	20
1929	14	115	18.7
1930	14	116	16.6
1931	14	117	12.6
1932	14	118	10.1
1933	14	119	9.8
1934	14	120	9.3
1935	14	121	8.5
1936	14	122	7.7
1937	14	123	6.6
1938	14	124	5.5
1939	14	125	5.3
1940	14	126	5.4
1941	14	127	5.1
1942	14	128	5.2
1943	14	129	5.7
1944	14	130	5.6
1945	14	131	5.7
1946	14	132	6.1
1947	14	133	6.5
1948	14	134	6.4
1949	14	135	5.8
1950	14	136	5.2
1951	14	137	4.7
1952	14	138	4.89451
1953	14	139	3.96923
1954	14	140	3.25495
1955	14	141	2.75165
1956	14	142	2.45934
1957	14	143	2.37802
1958	15	0	2.50769
1959	15	1	2.84835
1960	15	2	3.4
1961	15	3	4.16264
1962	15	4	5.13626
1963	15	5	6.32088
1964	15	6	7.71648
1965	15	7	8.5
1966	15	8	9.8
1967	15	9	10.9
1968	15	10	12.4
1969	15	11	14.8
1970	15	12	17.5
1971	15	13	21.6
1972	15	14	26.8
1973	15	15	31
1974	15	16	34.6
1975	15	17	40.5
1976	15	18	49.1
1977	15	19	58
1978	15	20	64.8
1979	15	21	70.5
1980	15	22	75.5
1981	15	23	78.1
1982	15	24	80.5
1983	15	25	83
1984	15	26	85.8
1985	15	27	89.9
1986	15	28	94.9
1987	15	29	97.7
1988	15	30	96.4
1989	15	31	92.7
1990	15	32	90
1991	15	33	89.5
1992	15	34	91
1993	15	35	93.9
1994	15	36	97.2
1995	15	37	86.3028
1996	15	38	97.7734
1997	15	39	108.377
1998	15	40	118.115
1999	15	41	126.985
2000	15	42	134.989
2001	15	43	142.126
2002	15	44	148.397
2003	15	45	153.801
2004	15	46	158.338
2005	15	47	162.008
2006	15	48	164.812
2007	15	49	166.75
2008	15	50	167.82
2009	15	51	168.024
2010	15	52	167.361
2011	15	53	165.832
2012	15	54	163.435
2013	15	55	160.172
2014	15	56	156.043
2015	15	57	151.047
2016	15	58	145.184
2017	15	59	138.454
2018	15	60	130.858
2019	15	61	122.395
2020	15	62	129.2
2021	15	63	126.9
2022	15	64	125.7
2023	15	65	130
2024	15	66	130.6
2025	15	67	125.4
2026	15	68	121.4
2027	15	69	117.4
2028	15	70	112.3
2029	15	71	107.7
2030	15	72	106.2
2031	15	73	104.6
2032	15	74	103.1
2033	15	75	100.8
2034	15	76	94.4
2035	15	77	85.6
2036	15	78	78
2037	15	79	71.9
2038	15	80	67.2
2039	15	81	65.7
2040	15	82	64.4
2041	15	83	63.1
2042	15	84	61.3
2043	15	85	58.2
2044	15	86	53.4
2045	15	87	51.6
2046	15	88	52.1
2047	15	89	51
2048	15	90	51.6
2049	15	91	52.9
2050	15	92	51.8
2051	15	93	48.3
2052	15	94	45.5
2053	15	95	44.2
2054	15	96	42.2
2055	15	97	40.7
2056	15	98	42.5
2057	15	99	42.9
2058	15	100	40.5
2059	15	101	37.6
2060	15	102	33.5
2061	15	103	30.2
2062	15	104	28.2
2063	15	105	26.4
2064	15	106	24.9
2065	15	107	24
2066	15	108	23.2
2067	15	109	21
2068	15	110	15.7
2069	15	111	11.8
2070	15	112	11.1
2071	15	113	11
2072	15	114	11.4319
2073	15	115	10.6714
2074	15	116	10.0984
2075	15	117	9.71279
2076	15	118	9.51459
2077	15	119	9.5038
2078	16	0	9.68042
2079	16	1	10.0445
2080	16	2	10.5959
2081	16	3	11.3348
2082	16	4	12.261
2083	16	5	13.3747
2084	16	6	14.6758
2085	16	7	19.3
2086	16	8	21.5
2087	16	9	23.3
2088	16	10	25.1
2089	16	11	26.9
2090	16	12	28.2
2091	16	13	29.8
2092	16	14	32.2
2093	16	15	34.7
2094	16	16	37.7
2095	16	17	40.8
2096	16	18	43.2
2097	16	19	45.2
2098	16	20	48.9
2099	16	21	54.4
2100	16	22	59.9
2101	16	23	68.2
2102	16	24	78.5
2103	16	25	86.3
2104	16	26	92.6
2105	16	27	96.2
2106	16	28	98.2
2107	16	29	101.4
2108	16	30	104.2
2109	16	31	106.8
2110	16	32	108.5
2111	16	33	108.7
2112	16	34	109
2113	16	35	107.8
2114	16	36	107.2
2115	16	37	109.4
2116	16	38	111.6
2117	16	39	115.9
2118	16	40	120.7
2119	16	41	120.8
2120	16	42	120
2121	16	43	119.6
2122	16	44	119.6
2123	16	45	109.807
2124	16	46	112.494
2125	16	47	114.919
2126	16	48	117.081
2127	16	49	118.981
2128	16	50	120.619
2129	16	51	121.995
2130	16	52	123.109
2131	16	53	123.961
2132	16	54	124.55
2133	16	55	124.877
2134	16	56	124.942
2135	16	57	124.745
2136	16	58	124.285
2137	16	59	123.564
2138	16	60	122.58
2139	16	61	121.334
2140	16	62	119.826
2141	16	63	118.056
2142	16	64	116.023
2143	16	65	113.728
2144	16	66	111.172
2145	16	67	108.352
2146	16	68	105.271
2147	16	69	101.928
2148	16	70	99.2
2149	16	71	104.7
2150	16	72	107.9
2151	16	73	106.7
2152	16	74	104.7
2153	16	75	102.7
2154	16	76	100.2
2155	16	77	95.7
2156	16	78	89.3
2157	16	79	83.2
2158	16	80	80.2
2159	16	81	78.6
2160	16	82	74.1
2161	16	83	65.2
2162	16	84	56
2163	16	85	52
2164	16	86	51.2
2165	16	87	50.4
2166	16	88	49
2167	16	89	47.2
2168	16	90	46
2169	16	91	44.9
2170	16	92	43.1
2171	16	93	40.5
2172	16	94	37.7
2173	16	95	35.9
2174	16	96	35.2
2175	16	97	32.8
2176	16	98	29.2
2177	16	99	26.5
2178	16	100	24.6
2179	16	101	24.7
2180	16	102	24.6
2181	16	103	23.6
2182	16	104	22.1
2183	16	105	21
2184	16	106	20.2
2185	16	107	19
2186	16	108	18.6
2187	16	109	19.4
2188	16	110	20.1
2189	16	111	19.5
2190	16	112	17.9
2191	16	113	15.7
2192	16	114	14
2193	16	115	13.1
2194	16	116	13.8648
2195	16	117	12.0176
2196	16	118	10.4715
2197	16	119	9.22667
2198	16	120	8.28302
2199	16	121	7.64056
2200	16	122	7.2993
2201	16	123	7.25924
2202	17	0	7.52038
2203	17	1	8.08272
2204	17	2	8.94625
2205	17	3	10.111
2206	17	4	11.5769
2207	17	5	11.1
2208	17	6	11.9
2209	17	7	13.5
2210	17	8	15.6
2211	17	9	17.5
2212	17	10	19.7
2213	17	11	21.1
2214	17	12	21.7
2215	17	13	24.9
2216	17	14	29.3
2217	17	15	32.6
2218	17	16	36.7
2219	17	17	42.7
2220	17	18	49.8
2221	17	19	56.9
2222	17	20	63.1
2223	17	21	69.9
2224	17	22	77.4
2225	17	23	85.5
2226	17	24	91.8
2227	17	25	95.3
2228	17	26	98.3
2229	17	27	103.5
2230	17	28	109.8
2231	17	29	110.841
2232	17	30	120.73
2233	17	31	129.978
2234	17	32	138.586
2235	17	33	146.554
2236	17	34	153.881
2237	17	35	160.568
2238	17	36	166.615
2239	17	37	172.021
2240	17	38	176.787
2241	17	39	180.913
2242	17	40	184.399
2243	17	41	187.244
2244	17	42	189.449
2245	17	43	191.013
2246	17	44	191.938
2247	17	45	192.222
2248	17	46	191.865
2249	17	47	190.869
2250	17	48	189.232
2251	17	49	186.955
2252	17	50	184.037
2253	17	51	180.479
2254	17	52	176.281
2255	17	53	171.443
2256	17	54	178.7
2257	17	55	182.3
2258	17	56	181.4
2259	17	57	177.2
2260	17	58	172.8
2261	17	59	171.8
2262	17	60	171.8
2263	17	61	171.4
2264	17	62	166.9
2265	17	63	161.5
2266	17	64	162.4
2267	17	65	163.3
2268	17	66	158.8
2269	17	67	151.5
2270	17	68	145.9
2271	17	69	142.6
2272	17	70	142.6
2273	17	71	140.6
2274	17	72	132.7
2275	17	73	127.1
2276	17	74	123.8
2277	17	75	121.7
2278	17	76	118.5
2279	17	77	113
2280	17	78	110
2281	17	79	111.1
2282	17	80	112.6
2283	17	81	111.3
2284	17	82	107.7
2285	17	83	103.2
2286	17	84	99.5
2287	17	85	96.1
2288	17	86	94.4
2289	17	87	91.2
2290	17	88	88
2291	17	89	87.3
2292	17	90	85.3
2293	17	91	81.6
2294	17	92	78.5
2295	17	93	78.3
2296	17	94	79.4
2297	17	95	81.9
2298	17	96	83.6
2299	17	97	79.9
2300	17	98	73.1
2301	17	99	67
2302	17	100	60.8
2303	17	101	55.5
2304	17	102	53.1
2305	17	103	51.8
2306	17	104	49.4
2307	17	105	46.2
2308	17	106	42.6
2309	17	107	38.4
2310	17	108	35.2
2311	17	109	34.2
2312	17	110	33.6
2313	17	111	33.2
2314	17	112	32.7
2315	17	113	31.4
2316	17	114	29.2
2317	17	115	27.5
2318	17	116	26.6
2319	17	117	23.5813
2320	17	118	20.6538
2321	17	119	18.1938
2322	17	120	16.2012
2323	17	121	14.676
2324	17	122	13.6183
2325	17	123	13.028
2326	17	124	12.9051
2327	18	0	13.2497
2328	18	1	14.0616
2329	18	2	15.3411
2330	18	3	17.0879
2331	18	4	19.3022
2332	18	5	20.4
2333	18	6	23.4
2334	18	7	27.5
2335	18	8	31.7
2336	18	9	36.4
2337	18	10	39.7
2338	18	11	41.7
2339	18	12	46.8
2340	18	13	52.8
2341	18	14	55.2
2342	18	15	57.1
2343	18	16	64.3
2344	18	17	73.2
2345	18	18	80.1
2346	18	19	86.9
2347	18	20	93.2
2348	18	21	101
2349	18	22	111.7
2350	18	23	121.5
2351	18	24	128
2352	18	25	136.249
2353	18	26	146.255
2354	18	27	155.575
2355	18	28	164.211
2356	18	29	172.16
2357	18	30	179.425
2358	18	31	186.004
2359	18	32	191.898
2360	18	33	197.106
2361	18	34	201.629
2362	18	35	205.467
2363	18	36	208.619
2364	18	37	211.087
2365	18	38	212.868
2366	18	39	213.965
2367	18	40	214.376
2368	18	41	214.102
2369	18	42	213.142
2370	18	43	211.497
2371	18	44	209.167
2372	18	45	206.152
2373	18	46	202.451
2374	18	47	198.065
2375	18	48	192.993
2376	18	49	187.236
2377	18	50	191.6
2378	18	51	193.5
2379	18	52	199.8
2380	18	53	209.1
2381	18	54	210.3
2382	18	55	203.8
2383	18	56	197.1
2384	18	57	193.4
2385	18	58	190.4
2386	18	59	188.5
2387	18	60	188.4
2388	18	61	190.9
2389	18	62	192.5
2390	18	63	190.3
2391	18	64	184.1
2392	18	65	176.1
2393	18	66	171.4
2394	18	67	169.4
2395	18	68	167.1
2396	18	69	162.8
2397	18	70	158.5
2398	18	71	150.7
2399	18	72	141
2400	18	73	131.6
2401	18	74	122.6
2402	18	75	116.4
2403	18	76	111.9
2404	18	77	106.7
2405	18	78	102.3
2406	18	79	101.2
2407	18	80	102.4
2408	18	81	101.6
2409	18	82	98.5
2410	18	83	98.9
2411	18	84	100.2
2412	18	85	99.5
2413	18	86	98.9
2414	18	87	97.3
2415	18	88	94
2416	18	89	89.8
2417	18	90	84
2418	18	91	75.3
2419	18	92	66.5
2420	18	93	61.5
2421	18	94	59.8
2422	18	95	56.2
2423	18	96	51.4
2424	18	97	48
2425	18	98	45.5
2426	18	99	44
2427	18	100	42.1
2428	18	101	40.3
2429	18	102	39.5
2430	18	103	38.8
2431	18	104	37.3
2432	18	105	34.6
2433	18	106	31
2434	18	107	28.6
2435	18	108	27.2
2436	18	109	25
2437	18	110	22
2438	18	111	18.5
2439	18	112	16.7
2440	18	113	16.6
2441	18	114	15.3846
2442	18	115	12.756
2443	18	116	10.5674
2444	18	117	8.81878
2445	18	118	7.51009
2446	18	119	6.64136
2447	18	120	6.21259
2448	19	0	6.22378
2449	19	1	6.67493
2450	19	2	7.56603
2451	19	3	8.8971
2452	19	4	10.6681
2453	19	5	12.8791
2454	19	6	13.8
2455	19	7	17.4
2456	19	8	20.5
2457	19	9	23.7
2458	19	10	28
2459	19	11	33.5
2460	19	12	41.2
2461	19	13	50
2462	19	14	57
2463	19	15	66
2464	19	16	78.8
2465	19	17	91.3
2466	19	18	103.5
2467	19	19	114.8
2468	19	20	125.8
2469	19	21	139.4
2470	19	22	154.7
2471	19	23	168.1
2472	19	24	180.4
2473	19	25	193.9
2474	19	26	206.1
2475	19	27	211.8
2476	19	28	214.5
2477	19	29	220.6
2478	19	30	226
2479	19	31	232.7
2480	19	32	241.1
2481	19	33	243.8
2482	19	34	255.378
2483	19	35	259.673
2484	19	36	263.535
2485	19	37	266.965
2486	19	38	269.962
2487	19	39	272.526
2488	19	40	274.658
2489	19	41	276.357
2490	19	42	277.623
2491	19	43	278.457
2492	19	44	278.858
2493	19	45	278.826
2494	19	46	278.362
2495	19	47	277.465
2496	19	48	276.135
2497	19	49	274.372
2498	19	50	272.177
2499	19	51	269.549
2500	19	52	266.489
2501	19	53	262.996
2502	19	54	259.07
2503	19	55	254.711
2504	19	56	249.92
2505	19	57	244.696
2506	19	58	239.039
2507	19	59	239.7
2508	19	60	233.9
2509	19	61	228.5
2510	19	62	220.6
2511	19	63	214.2
2512	19	64	207.1
2513	19	65	199.7
2514	19	66	194.2
2515	19	67	187.6
2516	19	68	182.5
2517	19	69	177
2518	19	70	172.1
2519	19	71	169.4
2520	19	72	165.7
2521	19	73	161.3
2522	19	74	153.8
2523	19	75	145
2524	19	76	138.6
2525	19	77	132.1
2526	19	78	124.5
2527	19	79	118.5
2528	19	80	113.6
2529	19	81	105.9
2530	19	82	97.5
2531	19	83	91.1
2532	19	84	85.1
2533	19	85	79.1
2534	19	86	75.3
2535	19	87	74.4
2536	19	88	74.3
2537	19	89	73
2538	19	90	71.7
2539	19	91	69.1
2540	19	92	64.2
2541	19	93	59.4
2542	19	94	56.7
2543	19	95	56.1
2544	19	96	55.9
2545	19	97	54.6
2546	19	98	52.5
2547	19	99	49.8
2548	19	100	46.7
2549	19	101	44
2550	19	102	42.9
2551	19	103	42.6
2552	19	104	42.1
2553	19	105	42.6
2554	19	106	42.6
2555	19	107	41.6
2556	19	108	41.1
2557	19	109	40.4
2558	19	110	39.7
2559	19	111	39
2560	19	112	38.6
2561	19	113	37.4
2562	19	114	34.2
2563	19	115	30.7
2564	19	116	28.1
2565	19	117	25.7
2566	19	118	22.3
2567	19	119	17.644
2568	19	120	16.5912
2569	19	121	15.769
2570	19	122	15.1774
2571	19	123	14.8164
2572	19	124	14.6859
2573	20	0	14.786
2574	20	1	15.1167
2575	20	2	15.6779
2576	20	3	16.4697
2577	20	4	17.4921
2578	20	5	18.7451
2579	20	6	20.2286
2580	20	7	21.2
2581	20	8	21.8
2582	20	9	22.6
2583	20	10	23.8
2584	20	11	25.2
2585	20	12	28.4
2586	20	13	32.1
2587	20	14	35.2
2588	20	15	39.7
2589	20	16	44.8
2590	20	17	49.2
2591	20	18	53.3
2592	20	19	57.9
2593	20	20	63.4
2594	20	21	71.4
2595	20	22	80.3
2596	20	23	89.5
2597	20	24	95.8
2598	20	25	99.4
2599	20	26	103
2600	20	27	106.2
2601	20	28	111.6
2602	20	29	116.5
2603	20	30	119.8
2604	20	31	123.9
2605	20	32	129.4
2606	20	33	133.3
2607	20	34	135
2608	20	35	134.9
2609	20	36	134.5
2610	20	37	140.487
2611	20	38	142.423
2612	20	39	144.211
2613	20	40	145.85
2614	20	41	147.341
2615	20	42	148.683
2616	20	43	149.876
2617	20	44	150.921
2618	20	45	151.818
2619	20	46	152.566
2620	20	47	153.165
2621	20	48	153.616
2622	20	49	153.918
2623	20	50	154.072
2624	20	51	154.077
2625	20	52	153.934
2626	20	53	153.642
2627	20	54	153.201
2628	20	55	152.612
2629	20	56	151.875
2630	20	57	150.989
2631	20	58	149.954
2632	20	59	148.771
2633	20	60	147.439
2634	20	61	145.959
2635	20	62	148.5
2636	20	63	149.5
2637	20	64	150.1
2638	20	65	150.3
2639	20	66	150.3
2640	20	67	149.8
2641	20	68	149.1
2642	20	69	147
2643	20	70	143
2644	20	71	137.6
2645	20	72	132.9
2646	20	73	126.5
2647	20	74	119
2648	20	75	113.8
2649	20	76	110.1
2650	20	77	105.3
2651	20	78	100.4
2652	20	79	96.5
2653	20	80	94.5
2654	20	81	92.7
2655	20	82	91.5
2656	20	83	93.2
2657	20	84	93.8
2658	20	85	94.7
2659	20	86	98.3
2660	20	87	100.3
2661	20	88	100.9
2662	20	89	102.6
2663	20	90	104
2664	20	91	103.3
2665	20	92	99.9
2666	20	93	96.6
2667	20	94	92.9
2668	20	95	88.2
2669	20	96	85.9
2670	20	97	83.3
2671	20	98	78.2
2672	20	99	72.3
2673	20	100	66.1
2674	20	101	62.8
2675	20	102	60.8
2676	20	103	57.9
2677	20	104	55.6
2678	20	105	53.4
2679	20	106	51.4
2680	20	107	49
2681	20	108	46.6
2682	20	109	45.4
2683	20	110	45
2684	20	111	46.8
2685	20	112	49.1
2686	20	113	48.5
2687	20	114	48.3
2688	20	115	49.4
2689	20	116	49.3
2690	20	117	48.6
2691	20	118	47.3
2692	20	119	45.8
2693	20	120	43.2
2694	20	121	39.3
2695	20	122	36.1
2696	20	123	33
2697	20	124	31.8
2698	20	125	30.6
2699	20	126	26.8
2700	20	127	24.2
2701	20	128	23.2
2702	20	129	21.8
2703	20	130	20.7
2704	20	131	23.4011
2705	20	132	22.4341
2706	20	133	21.5898
2707	20	134	20.8683
2708	20	135	20.2696
2709	20	136	19.7937
2710	20	137	19.4406
2711	20	138	19.2102
2712	20	139	19.1026
2713	21	0	19.1178
2714	21	1	19.2557
2715	21	2	19.5165
2716	21	3	19.9
2717	21	4	19.7
2718	21	5	19.7
2719	21	6	21.6
2720	21	7	24.3
2721	21	8	26.3
2722	21	9	28.8
2723	21	10	31.9
2724	21	11	34.7
2725	21	12	37.7
2726	21	13	41.4
2727	21	14	47.6
2728	21	15	55.8
2729	21	16	64.8
2730	21	17	73.7
2731	21	18	80.7
2732	21	19	86.9
2733	21	20	91.5
2734	21	21	98.7
2735	21	22	109
2736	21	23	117.8
2737	21	24	126.6
2738	21	25	138
2739	21	26	147.3
2740	21	27	153.6
2741	21	28	157.3
2742	21	29	160.4
2743	21	30	170.505
2744	21	31	178.729
2745	21	32	186.335
2746	21	33	193.324
2747	21	34	199.696
2748	21	35	205.451
2749	21	36	210.589
2750	21	37	215.11
2751	21	38	219.014
2752	21	39	222.3
2753	21	40	224.97
2754	21	41	227.022
2755	21	42	228.457
2756	21	43	229.275
2757	21	44	229.476
2758	21	45	229.06
2759	21	46	228.027
2760	21	47	226.376
2761	21	48	224.109
2762	21	49	221.224
2763	21	50	217.722
2764	21	51	213.603
2765	21	52	208.867
2766	21	53	203.514
2767	21	54	197.544
2768	21	55	199.6
2769	21	56	202.2
2770	21	57	205.4
2771	21	58	205.7
2772	21	59	204.1
2773	21	60	200.9
2774	21	61	198.5
2775	21	62	199.9
2776	21	63	202.7
2777	21	64	201.4
2778	21	65	196
2779	21	66	194.1
2780	21	67	192.7
2781	21	68	186.6
2782	21	69	180
2783	21	70	173.4
2784	21	71	167.5
2785	21	72	164
2786	21	73	161.5
2787	21	74	153.5
2788	21	75	141.4
2789	21	76	133.3
2790	21	77	131.3
2791	21	78	130.5
2792	21	79	127.9
2793	21	80	123.9
2794	21	81	117.1
2795	21	82	110.5
2796	21	83	104.5
2797	21	84	95.9
2798	21	85	89.1
2799	21	86	88.9
2800	21	87	91.7
2801	21	88	92
2802	21	89	89.7
2803	21	90	85.5
2804	21	91	80.5
2805	21	92	75.8
2806	21	93	71.2
2807	21	94	66.8
2808	21	95	63.5
2809	21	96	61.7
2810	21	97	58.3
2811	21	98	52.2
2812	21	99	44.3
2813	21	100	37.2
2814	21	101	31.6
2815	21	102	27.4
2816	21	103	25.2
2817	21	104	23.5
2818	21	105	21.7
2819	21	106	21.3
2820	21	107	21.4
2821	21	108	20.8
2822	21	109	19.9
2823	21	110	19.6
2824	21	111	19.8
2825	21	112	19.7
2826	21	113	19.1
2827	21	114	17.3
2828	21	115	15.2
2829	21	116	14.3
2830	21	117	15.9879
2831	21	118	15.0297
2832	21	119	14.3777
2833	21	120	14.0321
2834	21	121	13.9927
2835	22	0	14.2596
2836	22	1	14.8329
2837	22	2	15.7124
2838	22	3	16.8982
2839	22	4	18.3903
2840	22	5	20.1887
2841	22	6	22.2934
2842	22	7	24.7044
2843	22	8	28
2844	22	9	30.3
2845	22	10	32.7
2846	22	11	36.2
2847	22	12	40.5
2848	22	13	45.3
2849	22	14	51
2850	22	15	55.1
2851	22	16	60.9
2852	22	17	69.2
2853	22	18	76.9
2854	22	19	84.9
2855	22	20	93
2856	22	21	101.4
2857	22	22	114.3
2858	22	23	128.5
2859	22	24	141.1
2860	22	25	151.2
2861	22	26	156.9
2862	22	27	177.154
2863	22	28	182.027
2864	22	29	186.496
2865	22	30	190.56
2866	22	31	194.219
2867	22	32	197.474
2868	22	33	200.325
2869	22	34	202.771
2870	22	35	204.813
2871	22	36	206.45
2872	22	37	207.683
2873	22	38	208.511
2874	22	39	208.935
2875	22	40	208.955
2876	22	41	208.57
2877	22	42	207.781
2878	22	43	206.587
2879	22	44	204.989
2880	22	45	202.986
2881	22	46	200.579
2882	22	47	197.768
2883	22	48	194.552
2884	22	49	190.931
2885	22	50	186.906
2886	22	51	182.477
2887	22	52	197.8
2888	22	53	202.8
2889	22	54	204.4
2890	22	55	203.9
2891	22	56	203.8
2892	22	57	202.9
2893	22	58	202.8
2894	22	59	203.5
2895	22	60	203.3
2896	22	61	200.9
2897	22	62	196.7
2898	22	63	191.4
2899	22	64	183.1
2900	22	65	172.6
2901	22	66	161.1
2902	22	67	151.8
2903	22	68	146
2904	22	69	142.1
2905	22	70	137.1
2906	22	71	128.5
2907	22	72	119.3
2908	22	73	113
2909	22	74	109
2910	22	75	106.3
2911	22	76	104.5
2912	22	77	101.9
2913	22	78	99.3
2914	22	79	95.4
2915	22	80	90.2
2916	22	81	84.2
2917	22	82	78.6
2918	22	83	76.5
2919	22	84	73.6
2920	22	85	68.3
2921	22	86	63.2
2922	22	87	58.4
2923	22	88	55.1
2924	22	89	52.6
2925	22	90	50.2
2926	22	91	49.4
2927	22	92	49.6
2928	22	93	48.7
2929	22	94	46.4
2930	22	95	42.7
2931	22	96	40.1
2932	22	97	39.7
2933	22	98	39.4
2934	22	99	38.7
2935	22	100	37.6
2936	22	101	35.6
2937	22	102	33.7
2938	22	103	32
2939	22	104	29.4
2940	22	105	27.3
2941	22	106	25.9
2942	22	107	24.4
2943	22	108	22
2944	22	109	19
2945	22	110	17
2946	22	111	16.4615
2947	22	112	15.3011
2948	22	113	14.2942
2949	22	114	13.4409
2950	22	115	12.7411
2951	22	116	12.1948
2952	22	117	11.8021
2953	22	118	11.5629
2954	22	119	11.4773
2955	23	0	11.5453
2956	23	1	11.7667
2957	23	2	12.1418
2958	23	3	12.6703
2959	23	4	14.3
2960	23	5	14.5
2961	23	6	15.2
2962	23	7	18.3
2963	23	8	22
2964	23	9	24.4
2965	23	10	27.2
2966	23	11	30.4
2967	23	12	33.6
2968	23	13	38.2
2969	23	14	43.1
2970	23	15	47.1
2971	23	16	52
2972	23	17	58.4
2973	23	18	65.4
2974	23	19	72
2975	23	20	76.9
2976	23	21	80.8
2977	23	22	85.4
2978	23	23	89.8
2979	23	24	93.5
2980	23	25	96.4
2981	23	26	98.2
2982	23	27	102.3
2983	23	28	110.4
2984	23	29	118.4
2985	23	30	122.5
2986	23	31	122.3
2987	23	32	125
2988	23	33	132.6
2989	23	34	136.3
2990	23	35	138.1
2991	23	36	142.9
2992	23	37	150.5
2993	23	38	159.3
2994	23	39	164.1
2995	23	40	164
2996	23	41	166.1
2997	23	42	170.6
2998	23	43	174.3
2999	23	44	175.2
3000	23	45	172.9
3001	23	46	172.7
3002	23	47	174.2
3003	23	48	172.8
3004	23	49	168.8
3005	23	50	165.3
3006	23	51	148.796
3007	23	52	153.576
3008	23	53	157.914
3009	23	54	161.812
3010	23	55	165.269
3011	23	56	168.284
3012	23	57	170.859
3013	23	58	172.993
3014	23	59	174.685
3015	23	60	175.937
3016	23	61	176.748
3017	23	62	177.117
3018	23	63	177.046
3019	23	64	176.534
3020	23	65	175.58
3021	23	66	174.186
3022	23	67	172.351
3023	23	68	170.074
3024	23	69	167.357
3025	23	70	164.199
3026	23	71	160.599
3027	23	72	156.559
3028	23	73	152.077
3029	23	74	147.155
3030	23	75	141.792
3031	23	76	131.4
3032	23	77	129.6
3033	23	78	125.7
3034	23	79	118.7
3035	23	80	111.9
3036	23	81	107
3037	23	82	101.7
3038	23	83	96
3039	23	84	92.9
3040	23	85	91.8
3041	23	86	89.1
3042	23	87	86.9
3043	23	88	84.1
3044	23	89	80.1
3045	23	90	76.4
3046	23	91	73.2
3047	23	92	71
3048	23	93	69.5
3049	23	94	67.1
3050	23	95	64.8
3051	23	96	63
3052	23	97	60.2
3053	23	98	57.9
3054	23	99	56.6
3055	23	100	55.7
3056	23	101	54.5
3057	23	102	53.2
3058	23	103	52.3
3059	23	104	49.3
3060	23	105	45
3061	23	106	44.5
3062	23	107	44.6
3063	23	108	41.9
3064	23	109	39.4
3065	23	110	38.9
3066	23	111	38.4
3067	23	112	36
3068	23	113	33
3069	23	114	29.7
3070	23	115	27.4
3071	23	116	27
3072	23	117	27.4
3073	23	118	26.2
3074	23	119	25
3075	23	120	25.9
3076	23	121	26
3077	23	122	23.7
3078	23	123	21.1
3079	23	124	20.2
3080	23	125	19.8
3081	23	126	19
3082	23	127	17.7
3083	23	128	16.4
3084	23	129	14.4
3085	23	130	12.8
3086	23	131	11.6
3087	23	132	9.9
3088	23	133	9.6
3089	23	134	9.9
3090	23	135	9.2
3091	23	136	7.9
3092	23	137	6.6
3093	23	138	5.6
3094	23	139	5.1
3095	23	140	5.1
3096	23	141	5.4
3097	23	142	4.79231
3098	23	143	4.0967
3099	23	144	3.51878
3100	23	145	3.05854
3101	23	146	2.71598
3102	23	147	2.49111
3103	23	148	2.38392
3104	24	0	2.39441
3105	24	1	2.52258
3106	24	2	2.76843
3107	24	3	3.13197
3108	24	4	3.61319
3109	24	5	4.21209
3110	24	6	5.5
3111	24	7	7.4
3112	24	8	9.5
3113	24	9	10.9
3114	24	10	11.7
3115	24	11	12.7
3116	24	12	14
3117	24	13	16.1
3118	24	14	18.5
3119	24	15	20.8
3120	24	16	23.1
3121	24	17	24.6
3122	24	18	25.2
3123	24	19	26.4
3124	24	20	29.5
3125	24	21	34.5
3126	24	22	39.1
3127	24	23	42.5
3128	24	24	45.7
3129	24	25	48.8
3130	24	26	53.8
3131	24	27	61.1
3132	24	28	69.3
3133	24	29	77.2
3134	24	30	83.6
3135	24	31	86.3
3136	24	32	86.6
3137	24	33	87.4
3138	24	34	89.4
3139	24	35	92.5
3140	24	36	95.5
3141	24	37	98.1
3142	24	38	98.3
3143	24	39	95.1
3144	24	40	90.9
3145	24	41	86.6
3146	24	42	84.5
3147	24	43	85.1
3148	24	44	85.3
3149	24	45	85.8
3150	24	46	87.7
3151	24	47	88.1
3152	24	48	86.8
3153	24	49	86.1
3154	24	50	84.4
3155	24	51	82.458
3156	24	52	87.509
3157	24	53	92.0939
3158	24	54	96.2128
3159	24	55	99.8657
3160	24	56	103.053
3161	24	57	105.774
3162	24	58	108.028
3163	24	59	109.817
3164	24	60	111.14
3165	24	61	111.997
3166	24	62	112.388
3167	24	63	112.312
3168	24	64	111.771
3169	24	65	110.764
3170	24	66	109.291
3171	24	67	107.351
3172	24	68	104.946
3173	24	69	102.075
3174	24	70	98.7374
3175	24	71	94.9341
3176	24	72	90.6647
3177	24	73	85.9293
3178	24	74	80.7279
3179	24	75	75.0605
3180	24	76	76.1
3181	24	77	72.1
3182	24	78	68.3
3183	24	79	66.4
3184	24	80	65.9
3185	24	81	64.3
3186	24	82	61.2
3187	24	83	57.8
3188	24	84	54.4
3189	24	85	52.5
3190	24	86	50.4
3191	24	87	47.8
3192	24	88	44.8
3193	24	89	41.5
3194	24	90	38.5
3195	24	91	36
3196	24	92	33.2
3197	24	93	31.5
3198	24	94	29.9
3199	24	95	28.5
3200	24	96	27.8
3201	24	97	26.5
3202	24	98	25.7
3203	24	99	24.8
3204	24	100	23.3
3205	24	101	22.2
3206	24	102	21
3207	24	103	19.6
3208	24	104	18.3
3209	24	105	16.7
3210	24	106	15.4
3211	24	107	15.1
3212	24	108	14.2
3213	24	109	12.6
3214	24	110	9.9
3215	24	111	7.8
3216	24	112	7.5
3217	24	113	7.2
3218	24	114	7
3219	24	115	6.7
3220	24	116	6.5
3221	24	117	6.8
3222	24	118	6.7
3223	24	119	6
3224	24	120	5.4
3225	24	121	5
3226	24	122	4.6
3227	24	123	4.3
3228	24	124	3.9
3229	24	125	3.7
3230	24	126	3.5
3231	24	127	3.4
3232	24	128	3.1
3233	24	129	2.6
3234	24	130	2
3235	24	131	1.8
3236	25	0	2.2
3237	25	1	2.7
3238	25	2	3
3239	25	3	3.6
3240	25	4	5.6
3241	25	5	7.9
3242	25	6	9
3243	25	7	9.5
3244	25	8	10.5
3245	25	9	11.9
3246	25	10	13.6
3247	25	11	15.3
3248	25	12	17.3