205.5
206.3
205.9
206.8
207.1
207.4
207.7
206.8
203.9
199.7
195.4
188.9
181.8
174.8
168.5
162.9
158.9
154.3
146.7
138.9
133.8
130.5
128.2
127.4
125.7
123.1
120.7
118.1
114.8
111.3
109.6
107.6
103.9
100.4
97.5
94.8
92.7
91.2
90.2
89.3
88.1
86.4
83.9
82
81.2
80.9
80.6
80.4
80.1
79.7
79.3
78.6
77.9
77.4
76.9
76
74.8
73.8
73.2
72.8
72.4
72.2
72.1
71.6
71.4
71.8
72
72.1
72.3
72.6
73
73.3
73.4
73.7
75.1
76.8
78.4
80.1
81.8
83.4
85.7
88.6
91.3
94.2
97.5
101.7
105.8
108.9
112
115.8
120
124.1
126.8
127.9
130
134.3
139
142.6
144
145.8
149.9
152.9
154.4
156.3
161
167.2
171.5
173.4
175.5
176.8
178.4
180.5
180
179.7
180.2
179.4
177.1
175.5
173.8
172
168.7
165.6
167.8
171.6
174.7
178.7
183.8
188.8
191.3
191.9
193.7
193.9
194.6
197.2
195.7
191.5
188
182.9
176.2
169.3
164
159.3
154.1
150.7
148
143.5
138.3
135
133.1
130.2
127.2
125.2
123.7
121.8
120.1
118
116.3
115.5
114.6
112.4
109.3
107.4
106.1
105.2
103.8
102.3
101.6
101.5
100.4
98.6
97.3
95.5
93.2
91.9
90.9
89.2
87.8
87.3
86.7
85.2
83.6
82.3
81.2
80.6
80.5
80.2
80
80.1
80
79.1
78.2
77.8
77.5
76.9
76
75.3
74.3
73.3
72.7
72.1
71.8
71.8
71.4
70.8
70.3
69.9
69.8
69.8
69.8
69.4
68.8
68.6
68.4
68.2
68.3
68.5
68.7
68.8
69
69.3
69.7
70.2
71
72.1
73.3
74.1
74.5
74.9
75.5
76.5
77.5
78.3
79
79.7
80.1
80.7
82.4
85.3
87.7
89.6
91.2
92.7
95.8
100.4
105.6
110.9
115.4
117.9
118.4
118.4
119.5
121.6
124.4
126.7
126.8
125.8
123.8
121.1
119.5
119.2
118.9
119.2
120.1
120.1
118.9
118
117.1
116.6
118.1
120.9
123.9
127.9
132.3
134.7
135.4
135.9
137.3
138.6
140.8
143.5
144.7
145.5
145.2
142.8
140.1
138.4
137.4
137
135.8
133.8
131.2
127.3
123.3
119.5
116
113.3
110.8
107.9
105.3
102.5
99.9
98.1
96.6
95.3
93.2
90.4
87.7
85.5
83.7
82.5
81.1
80
79.4
78.7
78.6
78.4
77.7
77.3
76.8
76.3
75.9
75.1
74.6
74.4
74
73.3
71.9
70.6
70.2
70
70
70
70.1
70.3
70.4
70.3
70
69.8
69.7
