0	0	0	0.0552689
1	0	1	0.0577815
2	0	2	0.0615405
3	0	3	0.0671788
4	0	4	0.0740076
5	0	5	0.081257
6	0	6	0.0900166
7	0	7	0.100517
8	0	8	0.112238
9	0	9	0.124184
10	0	10	0.137015
11	0	11	0.151497
12	0	12	0.168368
13	0	13	0.18658
14	0	14	0.206323
15	0	15	0.22755
16	0	16	0.248624
17	0	17	0.27234
18	0	18	0.301315
19	0	19	0.331642
20	0	20	0.359906
21	0	21	0.389135
22	0	22	0.419891
23	0	23	0.450742
24	0	24	0.484505
25	0	25	0.515965
26	0	26	0.545432
27	0	27	0.576263
28	0	28	0.606751
29	0	29	0.632825
30	0	30	0.655276
31	0	31	0.677975
32	0	32	0.699918
33	0	33	0.721075
34	0	34	0.743387
35	0	35	0.763997
36	0	36	0.780107
37	0	37	0.793005
38	0	38	0.806404
39	0	39	0.82336
40	0	40	0.839628
41	0	41	0.851842
42	0	42	0.865578
43	0	43	0.877558
44	0	44	0.887942
45	0	45	0.893382
46	0	46	0.89769
47	0	47	0.900865
48	0	48	0.902908
49	0	49	0.903818
50	0	50	0.903596
51	0	51	0.902241
52	0	52	0.899753
53	0	53	0.896133
54	0	54	0.891381
55	0	55	0.885496
56	0	56	0.878479
57	0	57	0.877348
58	0	58	0.874875
59	0	59	0.86947
60	0	60	0.860597
61	0	61	0.849931
62	0	62	0.840118
63	0	63	0.831981
64	0	64	0.824273
65	0	65	0.813187
66	0	66	0.795931
67	0	67	0.775899
68	0	68	0.764115
69	0	69	0.754073
70	0	70	0.742593
71	0	71	0.731109
72	0	72	0.724711
73	0	73	0.715295
74	0	74	0.706897
75	0	75	0.698529
76	0	76	0.687568
77	0	77	0.676049
78	0	78	0.664251
79	0	79	0.650607
80	0	80	0.635192
81	0	81	0.619906
82	0	82	0.601799
83	0	83	0.580011
84	0	84	0.557232
85	0	85	0.539538
86	0	86	0.526235
87	0	87	0.514627
88	0	88	0.49789
89	0	89	0.478555
90	0	90	0.461972
91	0	91	0.448593
92	0	92	0.434597
93	0	93	0.421868
94	0	94	0.411964
95	0	95	0.399744
96	0	96	0.388388
97	0	97	0.374704
98	0	98	0.358646
99	0	99	0.343699
100	0	100	0.331201
101	0	101	0.31817
102	0	102	0.306405
103	0	103	0.296977
104	0	104	0.285562
105	0	105	0.272567
106	0	106	0.259655
107	0	107	0.246671
108	0	108	0.236364
109	0	109	0.225475
110	0	110	0.213686
111	0	111	0.203531
112	0	112	0.195441
113	0	113	0.187482
114	0	114	0.177576
115	0	115	0.168799
116	0	116	0.160648
117	0	117	0.152458
118	0	118	0.144262
119	0	119	0.144823
120	0	120	0.130751
121	0	121	0.117923
122	0	122	0.106338
123	0	123	0.095998
124	0	124	0.0869017
125	0	125	0.0790494
126	0	126	0.072441
127	0	127	0.0670765
128	0	128	0.0629561
129	0	129	0.0600795
130	0	130	0.058447
131	0	131	0.0580584
132	1	0	0.0589137
133	1	1	0.0610131
134	1	2	0.0643563
135	1	3	0.0689436
136	1	4	0.0747748
137	1	5	0.0818499
138	1	6	0.090169
139	1	7	0.0997321
140	1	8	0.110539
141	1	9	0.12259
142	1	10	0.135885
143	1	11	0.150424
144	1	12	0.168368
145	1	13	0.18658
146	1	14	0.206323
147	1	15	0.22755
148	1	16	0.248624
149	1	17	0.27234
150	1	18	0.301315
151	1	19	0.331642
152	1	20	0.359906
153	1	21	0.389135
154	1	22	0.419891
155	1	23	0.450742
156	1	24	0.484505
157	1	25	0.515965
158	1	26	0.545432
159	1	27	0.576263
160	1	28	0.606751
161	1	29	0.632825
162	1	30	0.655276
163	1	31	0.677975
164	1	32	0.699918
165	1	33	0.721075
166	1	34	0.743387
167	1	35	0.763997
168	1	36	0.780107
169	1	37	0.793005
170	1	38	0.815596
171	1	39	0.828971
172	1	40	0.841249
173	1	41	0.852431
174	1	42	0.862516
175	1	43	0.871505
176	1	44	0.879397
177	1	45	0.886193
178	1	46	0.891893
179	1	47	0.896495
180	1	48	0.900002
181	1	49	0.902411
182	1	50	0.903725
183	1	51	0.903942
184	1	52	0.903062
185	1	53	0.901086
186	1	54	0.898013
187	1	55	0.893844
188	1	56	0.888578
189	1	57	0.882216
190	1	58	0.874757
191	1	59	0.866202
192	1	60	0.85655
193	1	61	0.845802
194	1	62	0.833957
195	1	63	0.831981
196	1	64	0.824273
197	1	65	0.813187
198	1	66	0.795931
199	1	67	0.775899
200	1	68	0.764115
201	1	69	0.754073
202	1	70	0.742593
203	1	71	0.731109
204	1	72	0.724711
205	1	73	0.715295
206	1	74	0.706897
207	1	75	0.698529
208	1	76	0.687568
209	1	77	0.676049
210	1	78	0.664251
211	1	79	0.650607
212	1	80	0.635192
213	1	81	0.619906
214	1	82	0.601799
215	1	83	0.580011
216	1	84	0.557232
217	1	85	0.539538
218	1	86	0.526235
219	1	87	0.514627
220	1	88	0.49789
221	1	89	0.478555
222	1	90	0.461972
223	1	91	0.448593
224	1	92	0.434597
225	1	93	0.421868
226	1	94	0.411964
227	1	95	0.399744
228	1	96	0.388388
229	1	97	0.374704
230	1	98	0.358646
231	1	99	0.343699
232	1	100	0.331201
233	1	101	0.31817
234	1	102	0.306405
235	1	103	0.296977
236	1	104	0.285562
237	1	105	0.272567
238	1	106	0.259655
239	1	107	0.246671
240	1	108	0.236364
241	1	109	0.225475
242	1	110	0.213686
243	1	111	0.203531
244	1	112	0.195441
245	1	113	0.187482
246	1	114	0.177576
247	1	115	0.168799
248	1	116	0.160648
249	1	117	0.152458
250	1	118	0.144262
251	1	119	0.135293
252	1	120	0.126346
253	1	121	0.118842
254	1	122	0.110187
255	1	123	0.101884
256	1	124	0.0923684
257	1	125	0.0853169
258	1	126	0.076303
259	1	127	0.0688751
260	1	128	0.0630333
261	1	129	0.0587775
262	1	130	0.0561078
263	1	131	0.0550242
264	2	0	0.0555266
265	2	1	0.057615
266	2	2	0.0612895
267	2	3	0.0665501
268	2	4	0.0733967
269	2	5	0.0818293
270	2	6	0.0900166
271	2	7	0.100517
272	2	8	0.112238
273	2	9	0.124184
274	2	10	0.137015
275	2	11	0.151497
276	2	12	0.168368
277	2	13	0.18658
278	2	14	0.206323
279	2	15	0.22755
280	2	16	0.248624
281	2	17	0.27234
282	2	18	0.301315
283	2	19	0.331642
284	2	20	0.359906
285	2	21	0.389135
286	2	22	0.419891
287	2	23	0.450742
288	2	24	0.484505
289	2	25	0.515965
290	2	26	0.545432
291	2	27	0.576263
292	2	28	0.606751
293	2	29	0.632825
294	2	30	0.655276
295	2	31	0.677975
296	2	32	0.699918
297	2	33	0.721075
298	2	34	0.743387
299	2	35	0.763997
300	2	36	0.780107
301	2	37	0.793005
302	2	38	0.815596
303	2	39	0.828971
304	2	40	0.841249
305	2	41	0.852431
306	2	42	0.862516
307	2	43	0.871505
308	2	44	0.879397
309	2	45	0.886193
310	2	46	0.891893
311	2	47	0.896495
312	2	48	0.900002
313	2	49	0.902411
314	2	50	0.903725
315	2	51	0.903942
316	2	52	0.903062
317	2	53	0.901086
318	2	54	0.898013
319	2	55	0.893844
320	2	56	0.888578
321	2	57	0.882216
322	2	58	0.874757
323	2	59	0.866202
324	2	60	0.85655
325	2	61	0.845802
326	2	62	0.833957
327	2	63	0.831981
328	2	64	0.824273
329	2	65	0.813187
330	2	66	0.795931
331	2	67	0.775899
332	2	68	0.764115
333	2	69	0.754073
334	2	70	0.742593
335	2	71	0.731109
336	2	72	0.724711
337	2	73	0.715295
338	2	74	0.706897
339	2	75	0.698529
340	2	76	0.687568
341	2	77	0.676049
342	2	78	0.664251
343	2	79	0.650607
344	2	80	0.635192
345	2	81	0.619906
346	2	82	0.601799
347	2	83	0.580011
348	2	84	0.557232
349	2	85	0.539538
350	2	86	0.526235
351	2	87	0.514627
352	2	88	0.49789
353	2	89	0.478555
354	2	90	0.461972
355	2	91	0.448593
356	2	92	0.434597
357	2	93	0.421868
358	2	94	0.411964
359	2	95	0.399744
360	2	96	0.388388
361	2	97	0.374704
362	2	98	0.358646
363	2	99	0.343699
364	2	100	0.331201
365	2	101	0.31817
366	2	102	0.306405
367	2	103	0.296977
368	2	104	0.285562
369	2	105	0.272567
370	2	106	0.259655
371	2	107	0.246671
372	2	108	0.236364
373	2	109	0.225475
374	2	110	0.213686
375	2	111	0.203531
376	2	112	0.195441
377	2	113	0.187482
378	2	114	0.177576
379	2	115	0.168799
380	2	116	0.160648
381	2	117	0.152458
382	2	118	0.144262
383	2	119	0.135293
384	2	120	0.126346
385	2	121	0.118842
386	2	122	0.110187
387	2	123	0.101884
388	2	124	0.0923684
389	2	125	0.0853169
390	2	126	0.076303
391	2	127	0.0688751
392	2	128	0.0630333
393	2	129	0.0587775
394	2	130	0.0561078
395	2	131	0.0550242
396	3	0	0.0555266
397	3	1	0.057615
398	3	2	0.0612895
399	3	3	0.0665501
400	3	4	0.0733967
401	3	5	0.0818293
402	3	6	0.0900166
403	3	7	0.100517
404	3	8	0.112238
405	3	9	0.124184
406	3	10	0.137015
407	3	11	0.151497
408	3	12	0.168368
409	3	13	0.18658
410	3	14	0.206323
411	3	15	0.22755
412	3	16	0.248624
413	3	17	0.27234
414	3	18	0.301315
415	3	19	0.331642
416	3	20	0.359906
417	3	21	0.389135
418	3	22	0.419891
419	3	23	0.450742
420	3	24	0.484505
421	3	25	0.515965
422	3	26	0.545432
423	3	27	0.576263
424	3	28	0.606751
425	3	29	0.632825
426	3	30	0.655276
427	3	31	0.677975
428	3	32	0.699918
429	3	33	0.721075
430	3	34	0.743387
431	3	35	0.763997
432	3	36	0.780107
433	3	37	0.793005
434	3	38	0.815596
435	3	39	0.828971
436	3	40	0.841249
437	3	41	0.852431
438	3	42	0.862516
439	3	43	0.871505
440	3	44	0.879397
441	3	45	0.886193
442	3	46	0.891893
443	3	47	0.896495
444	3	48	0.900002
445	3	49	0.902411
446	3	50	0.903725
447	3	51	0.903942
448	3	52	0.903062
449	3	53	0.901086
450	3	54	0.898013
451	3	55	0.893844
452	3	56	0.888578
453	3	57	0.882216
454	3	58	0.874757
455	3	59	0.866202
456	3	60	0.85655
457	3	61	0.845802
458	3	62	0.833957
459	3	63	0.831981
460	3	64	0.824273
461	3	65	0.813187
462	3	66	0.795931
463	3	67	0.775899
464	3	68	0.764115
465	3	69	0.754073
466	3	70	0.742593
467	3	71	0.731109
468	3	72	0.724711
469	3	73	0.715295
470	3	74	0.706897
471	3	75	0.698529
472	3	76	0.687568
473	3	77	0.676049
474	3	78	0.664251
475	3	79	0.650607
476	3	80	0.635192
477	3	81	0.619906
478	3	82	0.601799
479	3	83	0.580011
480	3	84	0.557232
481	3	85	0.539538
482	3	86	0.526235
483	3	87	0.514627
484	3	88	0.49789
485	3	89	0.478555
486	3	90	0.461972
487	3	91	0.448593
488	3	92	0.434597
489	3	93	0.421868
490	3	94	0.411964
491	3	95	0.399744
492	3	96	0.388388
493	3	97	0.374704
494	3	98	0.358646
495	3	99	0.343699
496	3	100	0.331201
497	3	101	0.31817
498	3	102	0.306405
499	3	103	0.296977
500	3	104	0.285562
501	3	105	0.272567
502	3	106	0.259655
503	3	107	0.246671
504	3	108	0.236364
505	3	109	0.225475
506	3	110	0.213686
507	3	111	0.203531
508	3	112	0.195441
509	3	113	0.187482
510	3	114	0.177576
511	3	115	0.168799
512	3	116	0.160648
513	3	117	0.152458
514	3	118	0.144262
515	3	119	0.135293
516	3	120	0.126346
517	3	121	0.118842
518	3	122	0.110187
519	3	123	0.101884
520	3	124	0.0923684
521	3	125	0.0853169
522	3	126	0.076303
523	3	127	0.0688751
524	3	128	0.0630333
525	3	129	0.0587775
526	3	130	0.0561078
527	3	131	0.0550242
528	4	0	0.0555266
529	4	1	0.057615
530	4	2	0.0612895
531	4	3	0.0665501
532	4	4	0.0733967
533	4	5	0.0818293
534	4	6	0.0900166
535	4	7	0.100517
536	4	8	0.112238
537	4	9	0.124184
538	4	10	0.137015
539	4	11	0.151497
540	4	12	0.168368
541	4	13	0.18658
542	4	14	0.206323
543	4	15	0.22755
544	4	16	0.248624
545	4	17	0.27234
546	4	18	0.301315
547	4	19	0.331642
548	4	20	0.359906
549	4	21	0.389135
550	4	22	0.419891
551	4	23	0.450742
552	4	24	0.484505
553	4	25	0.515965
554	4	26	0.545432
555	4	27	0.576263
556	4	28	0.606751
557	4	29	0.632825
558	4	30	0.655276
559	4	31	0.677975
560	4	32	0.699918
561	4	33	0.721075
562	4	34	0.743387
563	4	35	0.763997
564	4	36	0.780107
565	4	37	0.793005
566	4	38	0.815596
567	4	39	0.828971
568	4	40	0.841249
569	4	41	0.852431
570	4	42	0.862516
571	4	43	0.871505
572	4	44	0.879397
573	4	45	0.886193
574	4	46	0.891893
575	4	47	0.896495
576	4	48	0.900002
577	4	49	0.902411
578	4	50	0.903725
579	4	51	0.903942
580	4	52	0.903062
581	4	53	0.901086
582	4	54	0.898013
583	4	55	0.893844
584	4	56	0.888578
585	4	57	0.882216
586	4	58	0.874757
587	4	59	0.866202
588	4	60	0.85655
589	4	61	0.845802
590	4	62	0.833957
591	4	63	0.831981
592	4	64	0.824273
593	4	65	0.813187
594	4	66	0.795931
595	4	67	0.775899
596	4	68	0.764115
597	4	69	0.754073
598	4	70	0.742593
599	4	71	0.731109
600	4	72	0.724711
601	4	73	0.715295
602	4	74	0.706897
603	4	75	0.698529
604	4	76	0.687568
605	4	77	0.676049
606	4	78	0.664251
607	4	79	0.650607
608	4	80	0.635192
609	4	81	0.619906
610	4	82	0.601799
611	4	83	0.580011
612	4	84	0.557232
613	4	85	0.539538
614	4	86	0.526235
615	4	87	0.514627
616	4	88	0.49789
617	4	89	0.478555
618	4	90	0.461972
619	4	91	0.448593
620	4	92	0.434597
621	4	93	0.421868
622	4	94	0.411964
623	4	95	0.399744
624	4	96	0.388388
625	4	97	0.374704
626	4	98	0.358646
627	4	99	0.343699
628	4	100	0.331201
629	4	101	0.31817
630	4	102	0.306405
631	4	103	0.296977
632	4	104	0.285562
633	4	105	0.272567
634	4	106	0.259655
635	4	107	0.246671
636	4	108	0.236364
637	4	109	0.225475
638	4	110	0.213686
639	4	111	0.203531
640	4	112	0.195441
641	4	113	0.187482
642	4	114	0.177576
643	4	115	0.168799
644	4	116	0.160648
645	4	117	0.152458
646	4	118	0.144262
647	4	119	0.135293
648	4	120	0.126346
649	4	121	0.118842
650	4	122	0.110187
651	4	123	0.101884
652	4	124	0.0923684
653	4	125	0.0853169
654	4	126	0.076303
655	4	127	0.0688751
656	4	128	0.0630333
657	4	129	0.0587775
658	4	130	0.0561078
659	4	131	0.0550242
660	5	0	0.0555266
661	5	1	0.057615
662	5	2	0.0612895
663	5	3	0.0665501
664	5	4	0.0733967
665	5	5	0.0818293
666	5	6	0.0900166
667	5	7	0.100517
668	5	8	0.112238
669	5	9	0.124184
670	5	10	0.137015
671	5	11	0.151497
672	5	12	0.168368
673	5	13	0.18658
674	5	14	0.206323
675	5	15	0.22755
676	5	16	0.248624
677	5	17	0.27234
678	5	18	0.301315
679	5	19	0.331642
680	5	20	0.359906
681	5	21	0.389135
682	5	22	0.419891
683	5	23	0.450742
684	5	24	0.484505
685	5	25	0.515965
686	5	26	0.545432
687	5	27	0.576263
688	5	28	0.606751
689	5	29	0.632825
690	5	30	0.655276
691	5	31	0.677975
692	5	32	0.699918
693	5	33	0.721075
694	5	34	0.743387
695	5	35	0.763997
696	5	36	0.780107
697	5	37	0.793005
698	5	38	0.815596
699	5	39	0.828971
700	5	40	0.841249
701	5	41	0.852431
702	5	42	0.862516
703	5	43	0.871505
704	5	44	0.879397
705	5	45	0.886193
706	5	46	0.891893
707	5	47	0.896495
708	5	48	0.900002
709	5	49	0.902411
710	5	50	0.903725
711	5	51	0.903942
712	5	52	0.903062
713	5	53	0.901086
714	5	54	0.898013
715	5	55	0.893844
716	5	56	0.888578
717	5	57	0.882216
718	5	58	0.874757
719	5	59	0.866202
720	5	60	0.85655
721	5	61	0.845802
722	5	62	0.833957
723	5	63	0.831981
724	5	64	0.824273
725	5	65	0.813187
726	5	66	0.795931
727	5	67	0.775899
728	5	68	0.764115
729	5	69	0.754073
730	5	70	0.742593
731	5	71	0.731109
732	5	72	0.724711
733	5	73	0.715295
734	5	74	0.706897
735	5	75	0.698529
736	5	76	0.687568
737	5	77	0.676049
738	5	78	0.664251
739	5	79	0.650607
740	5	80	0.635192
741	5	81	0.619906
742	5	82	0.601799
743	5	83	0.580011
744	5	84	0.557232
745	5	85	0.539538
746	5	86	0.526235
747	5	87	0.514627
748	5	88	0.49789
749	5	89	0.478555
750	5	90	0.461972
751	5	91	0.448593
752	5	92	0.434597
753	5	93	0.421868
754	5	94	0.411964
755	5	95	0.399744
756	5	96	0.388388
757	5	97	0.374704
758	5	98	0.358646
759	5	99	0.343699
760	5	100	0.331201
761	5	101	0.31817
762	5	102	0.306405
763	5	103	0.296977
764	5	104	0.285562
765	5	105	0.272567
766	5	106	0.259655
767	5	107	0.246671
768	5	108	0.236364
769	5	109	0.225475
770	5	110	0.213686
771	5	111	0.203531
772	5	112	0.195441
773	5	113	0.187482
774	5	114	0.177576
775	5	115	0.168799
776	5	116	0.160648
777	5	117	0.152458
778	5	118	0.144262
779	5	119	0.135293
780	5	120	0.126346
781	5	121	0.118842
782	5	122	0.110187
783	5	123	0.101884
784	5	124	0.0923684
785	5	125	0.0853169
786	5	126	0.076303
787	5	127	0.0688751
788	5	128	0.0630333
789	5	129	0.0587775
790	5	130	0.0561078
791	5	131	0.0550242
792	6	0	0.0555266
793	6	1	0.057615
794	6	2	0.0612895
795	6	3	0.0665501
796	6	4	0.0733967
797	6	5	0.0818293
798	6	6	0.0900166
799	6	7	0.100517
800	6	8	0.112238
801	6	9	0.124184
802	6	10	0.137015
803	6	11	0.151497
804	6	12	0.168368
805	6	13	0.18658
806	6	14	0.206323
807	6	15	0.22755
808	6	16	0.248624
809	6	17	0.27234
810	6	18	0.301315
811	6	19	0.331642
812	6	20	0.359906
813	6	21	0.389135
814	6	22	0.419891
815	6	23	0.450742
816	6	24	0.484505
817	6	25	0.515965
818	6	26	0.545432
819	6	27	0.576263
820	6	28	0.606751
821	6	29	0.632825
822	6	30	0.655276
823	6	31	0.677975
824	6	32	0.699918
825	6	33	0.721075
826	6	34	0.743387
827	6	35	0.763997
828	6	36	0.780107
829	6	37	0.793005
830	6	38	0.815596
831	6	39	0.828971
832	6	40	0.841249
833	6	41	0.852431
834	6	42	0.862516
835	6	43	0.871505
836	6	44	0.879397
837	6	45	0.886193
838	6	46	0.891893
839	6	47	0.896495
840	6	48	0.900002
841	6	49	0.902411
842	6	50	0.903725
843	6	51	0.903942
844	6	52	0.903062
845	6	53	0.901086
846	6	54	0.898013
847	6	55	0.893844
848	6	56	0.888578
849	6	57	0.882216
850	6	58	0.874757
851	6	59	0.866202
852	6	60	0.85655
853	6	61	0.845802
854	6	62	0.833957
855	6	63	0.831981
856	6	64	0.824273
857	6	65	0.813187
858	6	66	0.795931
859	6	67	0.775899
860	6	68	0.764115
861	6	69	0.754073
862	6	70	0.742593
863	6	71	0.731109
864	6	72	0.724711
865	6	73	0.715295
866	6	74	0.706897
867	6	75	0.698529
868	6	76	0.687568
869	6	77	0.676049
870	6	78	0.664251
871	6	79	0.650607
872	6	80	0.635192
873	6	81	0.619906
874	6	82	0.601799
875	6	83	0.580011
876	6	84	0.557232
877	6	85	0.539538
878	6	86	0.526235
879	6	87	0.514627
880	6	88	0.49789
881	6	89	0.478555
882	6	90	0.461972
883	6	91	0.448593
884	6	92	0.434597
885	6	93	0.421868
886	6	94	0.411964
887	6	95	0.399744
888	6	96	0.388388
889	6	97	0.374704
890	6	98	0.358646
891	6	99	0.343699
892	6	100	0.331201
893	6	101	0.31817
894	6	102	0.306405
895	6	103	0.296977
896	6	104	0.285562
897	6	105	0.272567
898	6	106	0.259655
899	6	107	0.246671
900	6	108	0.236364
901	6	109	0.225475
902	6	110	0.213686
903	6	111	0.203531
904	6	112	0.195441
905	6	113	0.187482
906	6	114	0.177576
907	6	115	0.168799
908	6	116	0.160648
909	6	117	0.152458
910	6	118	0.144262
911	6	119	0.135293
912	6	120	0.126346
913	6	121	0.118842
914	6	122	0.110187
915	6	123	0.101884
916	6	124	0.0923684
917	6	125	0.0853169
918	6	126	0.076303
919	6	127	0.0688751
920	6	128	0.0630333
921	6	129	0.0587775
922	6	130	0.0561078
923	6	131	0.0550242
924	7	0	0.0555266
925	7	1	0.057615
926	7	2	0.0612895
927	7	3	0.0665501
928	7	4	0.0733967
929	7	5	0.0818293
930	7	6	0.0900166
931	7	7	0.100517
932	7	8	0.112238
933	7	9	0.124184
934	7	10	0.137015
935	7	11	0.151497
936	7	12	0.168368
937	7	13	0.18658
938	7	14	0.206323
939	7	15	0.22755
940	7	16	0.248624
941	7	17	0.27234
942	7	18	0.301315
943	7	19	0.331642
944	7	20	0.359906
945	7	21	0.389135
946	7	22	0.419891
947	7	23	0.450742
948	7	24	0.484505
949	7	25	0.515965
950	7	26	0.545432
951	7	27	0.576263
952	7	28	0.606751
953	7	29	0.632825
954	7	30	0.655276
955	7	31	0.677975
956	7	32	0.699918
957	7	33	0.721075
958	7	34	0.743387
959	7	35	0.763997
960	7	36	0.780107
961	7	37	0.793005
962	7	38	0.815596
963	7	39	0.828971
964	7	40	0.841249
965	7	41	0.852431
966	7	42	0.862516
967	7	43	0.871505
968	7	44	0.879397
969	7	45	0.886193
970	7	46	0.891893
971	7	47	0.896495
972	7	48	0.900002
973	7	49	0.902411
974	7	50	0.903725
975	7	51	0.903942
976	7	52	0.903062
977	7	53	0.901086
978	7	54	0.898013
979	7	55	0.893844
980	7	56	0.888578
981	7	57	0.882216
982	7	58	0.874757
983	7	59	0.866202
984	7	60	0.85655
985	7	61	0.845802
986	7	62	0.833957
987	7	63	0.831981
988	7	64	0.824273
989	7	65	0.813187
990	7	66	0.795931
991	7	67	0.775899
992	7	68	0.764115
993	7	69	0.754073
994	7	70	0.742593
995	7	71	0.731109
996	7	72	0.724711
997	7	73	0.715295
998	7	74	0.706897
999	7	75	0.698529
1000	7	76	0.687568
1001	7	77	0.676049
1002	7	78	0.664251
1003	7	79	0.650607
1004	7	80	0.635192
1005	7	81	0.619906
1006	7	82	0.601799
1007	7	83	0.580011
1008	7	84	0.557232
1009	7	85	0.539538
1010	7	86	0.526235
1011	7	87	0.514627
1012	7	88	0.49789
1013	7	89	0.478555
1014	7	90	0.461972
1015	7	91	0.448593
1016	7	92	0.434597
1017	7	93	0.421868
1018	7	94	0.411964
1019	7	95	0.399744
1020	7	96	0.388388
1021	7	97	0.374704
1022	7	98	0.358646
1023	7	99	0.343699
1024	7	100	0.331201
1025	7	101	0.31817
1026	7	102	0.306405
1027	7	103	0.296977
1028	7	104	0.285562
1029	7	105	0.272567
1030	7	106	0.259655
1031	7	107	0.246671
1032	7	108	0.236364
1033	7	109	0.225475
1034	7	110	0.213686
1035	7	111	0.203531
1036	7	112	0.195441
1037	7	113	0.187482
1038	7	114	0.177576
1039	7	115	0.168799
1040	7	116	0.160648
1041	7	117	0.152458
1042	7	118	0.144262
1043	7	119	0.135293
1044	7	120	0.126346
1045	7	121	0.118842
1046	7	122	0.110187
1047	7	123	0.101884
1048	7	124	0.0923684
1049	7	125	0.0853169
1050	7	126	0.076303
1051	7	127	0.0688751
1052	7	128	0.0630333
1053	7	129	0.0587775
1054	7	130	0.0561078
1055	7	131	0.0550242
1056	8	0	0.0555266
1057	8	1	0.057615
1058	8	2	0.0612895
1059	8	3	0.0665501
1060	8	4	0.0733967
1061	8	5	0.0818293
1062	8	6	0.0900166
1063	8	7	0.100517
1064	8	8	0.112238
1065	8	9	0.124184
1066	8	10	0.137015
1067	8	11	0.151497
1068	8	12	0.168368
1069	8	13	0.18658
1070	8	14	0.206323
1071	8	15	0.22755
1072	8	16	0.248624
1073	8	17	0.27234
1074	8	18	0.301315
1075	8	19	0.331642
1076	8	20	0.359906
1077	8	21	0.389135
1078	8	22	0.419891
1079	8	23	0.450742
1080	8	24	0.484505
1081	8	25	0.515965
1082	8	26	0.545432
1083	8	27	0.576263
1084	8	28	0.606751
1085	8	29	0.632825
1086	8	30	0.655276
1087	8	31	0.677975
1088	8	32	0.699918
1089	8	33	0.721075
1090	8	34	0.743387
1091	8	35	0.763997
1092	8	36	0.780107
1093	8	37	0.793005
1094	8	38	0.815596
1095	8	39	0.828971
1096	8	40	0.841249
1097	8	41	0.852431
1098	8	42	0.862516
1099	8	43	0.871505
1100	8	44	0.879397
1101	8	45	0.886193
1102	8	46	0.891893
1103	8	47	0.896495
1104	8	48	0.900002
1105	8	49	0.902411
1106	8	50	0.903725
1107	8	51	0.903942
1108	8	52	0.903062
1109	8	53	0.901086
1110	8	54	0.898013
1111	8	55	0.893844
1112	8	56	0.888578
1113	8	57	0.882216
1114	8	58	0.874757
1115	8	59	0.866202
1116	8	60	0.85655
1117	8	61	0.845802
1118	8	62	0.833957
1119	8	63	0.831981
1120	8	64	0.824273
1121	8	65	0.813187
1122	8	66	0.795931
1123	8	67	0.775899
1124	8	68	0.764115
1125	8	69	0.754073
1126	8	70	0.742593
1127	8	71	0.731109
1128	8	72	0.724711
1129	8	73	0.715295
1130	8	74	0.706897
1131	8	75	0.698529
1132	8	76	0.687568
1133	8	77	0.676049
1134	8	78	0.664251
1135	8	79	0.650607
1136	8	80	0.635192
1137	8	81	0.619906
1138	8	82	0.601799
1139	8	83	0.580011
1140	8	84	0.557232
1141	8	85	0.539538
1142	8	86	0.526235
1143	8	87	0.514627
1144	8	88	0.49789
1145	8	89	0.478555
1146	8	90	0.461972
1147	8	91	0.448593
1148	8	92	0.434597
1149	8	93	0.421868
1150	8	94	0.411964
1151	8	95	0.399744
1152	8	96	0.388388
1153	8	97	0.374704
1154	8	98	0.358646
1155	8	99	0.343699
1156	8	100	0.331201
1157	8	101	0.31817
1158	8	102	0.306405
1159	8	103	0.296977
1160	8	104	0.285562
1161	8	105	0.272567
1162	8	106	0.259655
1163	8	107	0.246671
1164	8	108	0.236364
1165	8	109	0.225475
1166	8	110	0.213686
1167	8	111	0.203531
1168	8	112	0.195441
1169	8	113	0.187482
1170	8	114	0.177576
1171	8	115	0.168799
1172	8	116	0.160648
1173	8	117	0.152458
1174	8	118	0.144262
1175	8	119	0.135293
1176	8	120	0.126346
1177	8	121	0.118842
1178	8	122	0.110187
1179	8	123	0.101884
1180	8	124	0.0923684
1181	8	125	0.0853169
1182	8	126	0.076303
1183	8	127	0.0688751
1184	8	128	0.0630333
1185	8	129	0.0587775
1186	8	130	0.0561078
1187	8	131	0.0550242
1188	9	0	0.0555266
1189	9	1	0.057615
1190	9	2	0.0612895
1191	9	3	0.0665501
1192	9	4	0.0733967
1193	9	5	0.0818293
1194	9	6	0.0900166
1195	9	7	0.100517
1196	9	8	0.112238
1197	9	9	0.124184
1198	9	10	0.137015
1199	9	11	0.151497
1200	9	12	0.168368
1201	9	13	0.18658
1202	9	14	0.206323
1203	9	15	0.22755
1204	9	16	0.248624
1205	9	17	0.27234
1206	9	18	0.301315
1207	9	19	0.331642
1208	9	20	0.359906
1209	9	21	0.389135
1210	9	22	0.419891
1211	9	23	0.450742
1212	9	24	0.484505
1213	9	25	0.515965
1214	9	26	0.545432
1215	9	27	0.576263
1216	9	28	0.606751
1217	9	29	0.632825
1218	9	30	0.655276
1219	9	31	0.677975
1220	9	32	0.699918
1221	9	33	0.721075
1222	9	34	0.743387
1223	9	35	0.763997
1224	9	36	0.780107
1225	9	37	0.793005
1226	9	38	0.815596
1227	9	39	0.828971
1228	9	40	0.841249
1229	9	41	0.852431
1230	9	42	0.862516
1231	9	43	0.871505
1232	9	44	0.879397
1233	9	45	0.886193
1234	9	46	0.891893
1235	9	47	0.896495
1236	9	48	0.900002
1237	9	49	0.902411
1238	9	50	0.903725
1239	9	51	0.903942
1240	9	52	0.903062
1241	9	53	0.901086
1242	9	54	0.898013
1243	9	55	0.893844
1244	9	56	0.888578
1245	9	57	0.882216
1246	9	58	0.874757
1247	9	59	0.866202
1248	9	60	0.85655
1249	9	61	0.845802
1250	9	62	0.833957
1251	9	63	0.831981
1252	9	64	0.824273
1253	9	65	0.813187
1254	9	66	0.795931
1255	9	67	0.775899
1256	9	68	0.764115
1257	9	69	0.754073
1258	9	70	0.742593
1259	9	71	0.731109
1260	9	72	0.724711
1261	9	73	0.715295
1262	9	74	0.706897
1263	9	75	0.698529
1264	9	76	0.687568
1265	9	77	0.676049
1266	9	78	0.664251
1267	9	79	0.650607
1268	9	80	0.635192
1269	9	81	0.619906
1270	9	82	0.601799
1271	9	83	0.580011
1272	9	84	0.557232
1273	9	85	0.539538
1274	9	86	0.526235
1275	9	87	0.514627
1276	9	88	0.49789
1277	9	89	0.478555
1278	9	90	0.461972
1279	9	91	0.448593
1280	9	92	0.434597
1281	9	93	0.421868
1282	9	94	0.411964
1283	9	95	0.399744
1284	9	96	0.388388
1285	9	97	0.374704
1286	9	98	0.358646
1287	9	99	0.343699
1288	9	100	0.331201
1289	9	101	0.31817
1290	9	102	0.306405
1291	9	103	0.296977
1292	9	104	0.285562
1293	9	105	0.272567
1294	9	106	0.259655
1295	9	107	0.246671
1296	9	108	0.236364
1297	9	109	0.225475
1298	9	110	0.213686
1299	9	111	0.203531
1300	9	112	0.195441
1301	9	113	0.187482
1302	9	114	0.177576
1303	9	115	0.168799
1304	9	116	0.160648
1305	9	117	0.152458
1306	9	118	0.144262
1307	9	119	0.135293
1308	9	120	0.126346
1309	9	121	0.118842
1310	9	122	0.110187
1311	9	123	0.101884
1312	9	124	0.0923684
1313	9	125	0.0853169
1314	9	126	0.076303
1315	9	127	0.0688751
1316	9	128	0.0630333
1317	9	129	0.0587775
1318	9	130	0.0561078
1319	9	131	0.0550242
1320	10	0	0.0555266
1321	10	1	0.057615
1322	10	2	0.0612895
1323	10	3	0.0665501
1324	10	4	0.0733967
1325	10	5	0.0818293
1326	10	6	0.0900166
1327	10	7	0.100517
1328	10	8	0.112238
1329	10	9	0.124184
1330	10	10	0.137015
1331	10	11	0.151497
1332	10	12	0.168368
1333	10	13	0.18658
1334	10	14	0.206323
1335	10	15	0.22755
1336	10	16	0.248624
1337	10	17	0.27234
1338	10	18	0.301315
1339	10	19	0.331642
1340	10	20	0.359906
1341	10	21	0.389135
1342	10	22	0.419891
1343	10	23	0.450742
1344	10	24	0.484505
1345	10	25	0.515965
1346	10	26	0.545432
1347	10	27	0.576263
1348	10	28	0.606751
1349	10	29	0.632825
1350	10	30	0.655276
1351	10	31	0.677975
1352	10	32	0.699918
1353	10	33	0.721075
1354	10	34	0.743387
1355	10	35	0.763997
1356	10	36	0.780107
1357	10	37	0.793005
1358	10	38	0.815596
1359	10	39	0.828971
1360	10	40	0.841249
1361	10	41	0.852431
1362	10	42	0.862516
1363	10	43	0.871505
1364	10	44	0.879397
1365	10	45	0.886193
1366	10	46	0.891893
1367	10	47	0.896495
1368	10	48	0.900002
1369	10	49	0.902411
1370	10	50	0.903725
1371	10	51	0.903942
1372	10	52	0.903062
1373	10	53	0.901086
1374	10	54	0.898013
1375	10	55	0.893844
1376	10	56	0.888578
1377	10	57	0.882216
1378	10	58	0.874757
1379	10	59	0.866202
1380	10	60	0.85655
1381	10	61	0.845802
1382	10	62	0.833957
1383	10	63	0.831981
1384	10	64	0.824273
1385	10	65	0.813187
1386	10	66	0.795931
1387	10	67	0.775899
1388	10	68	0.764115
1389	10	69	0.754073
1390	10	70	0.742593
1391	10	71	0.731109
1392	10	72	0.724711
1393	10	73	0.715295
1394	10	74	0.706897
1395	10	75	0.698529
1396	10	76	0.687568
1397	10	77	0.676049
1398	10	78	0.664251
1399	10	79	0.650607
1400	10	80	0.635192
1401	10	81	0.619906
1402	10	82	0.601799
1403	10	83	0.580011
1404	10	84	0.557232
1405	10	85	0.539538
1406	10	86	0.526235
1407	10	87	0.514627
1408	10	88	0.49789
1409	10	89	0.478555
1410	10	90	0.461972
1411	10	91	0.448593
1412	10	92	0.434597
1413	10	93	0.421868
1414	10	94	0.411964
1415	10	95	0.399744
1416	10	96	0.388388
1417	10	97	0.374704
1418	10	98	0.358646
1419	10	99	0.343699
1420	10	100	0.331201
1421	10	101	0.31817
1422	10	102	0.306405
1423	10	103	0.296977
1424	10	104	0.285562
1425	10	105	0.272567
1426	10	106	0.259655
1427	10	107	0.246671
1428	10	108	0.236364
1429	10	109	0.225475
1430	10	110	0.213686
1431	10	111	0.203531
1432	10	112	0.195441
1433	10	113	0.187482
1434	10	114	0.177576
1435	10	115	0.168799
1436	10	116	0.160648
1437	10	117	0.152458
1438	10	118	0.144262
1439	10	119	0.135293
1440	10	120	0.126346
1441	10	121	0.118842
1442	10	122	0.110187
1443	10	123	0.101884
1444	10	124	0.0923684
1445	10	125	0.0853169
1446	10	126	0.076303
1447	10	127	0.0688751
1448	10	128	0.0630333
1449	10	129	0.0587775
1450	10	130	0.0561078
1451	10	131	0.0550242
1452	11	0	0.0555266
1453	11	1	0.057615
1454	11	2	0.0612895
1455	11	3	0.0665501
1456	11	4	0.0733967
1457	11	5	0.0818293
1458	11	6	0.0900166
1459	11	7	0.100517
1460	11	8	0.112238
1461	11	9	0.124184
1462	11	10	0.137015
1463	11	11	0.151497
1464	11	12	0.168368
1465	11	13	0.18658
1466	11	14	0.206323
1467	11	15	0.22755
1468	11	16	0.248624
1469	11	17	0.27234
1470	11	18	0.301315
1471	11	19	0.331642
1472	11	20	0.359906
1473	11	21	0.389135
1474	11	22	0.419891
1475	11	23	0.450742
1476	11	24	0.484505
1477	11	25	0.515965
1478	11	26	0.545432
1479	11	27	0.576263
1480	11	28	0.606751
1481	11	29	0.632825
1482	11	30	0.655276
1483	11	31	0.677975
1484	11	32	0.699918
1485	11	33	0.721075
1486	11	34	0.743387
1487	11	35	0.763997
1488	11	36	0.780107
1489	11	37	0.793005
1490	11	38	0.815596
1491	11	39	0.828971
1492	11	40	0.841249
1493	11	41	0.852431
1494	11	42	0.862516
1495	11	43	0.871505
1496	11	44	0.879397
1497	11	45	0.886193
1498	11	46	0.891893
1499	11	47	0.896495
1500	11	48	0.900002
1501	11	49	0.902411
1502	11	50	0.903725
1503	11	51	0.903942
1504	11	52	0.903062
1505	11	53	0.901086
1506	11	54	0.898013
1507	11	55	0.893844
1508	11	56	0.888578
1509	11	57	0.882216
1510	11	58	0.874757
1511	11	59	0.866202
1512	11	60	0.85655
1513	11	61	0.845802
1514	11	62	0.833957
1515	11	63	0.831981
1516	11	64	0.824273
1517	11	65	0.813187
1518	11	66	0.795931
1519	11	67	0.775899
1520	11	68	0.764115
1521	11	69	0.754073
1522	11	70	0.742593
1523	11	71	0.731109
1524	11	72	0.724711
1525	11	73	0.715295
1526	11	74	0.706897
1527	11	75	0.698529
1528	11	76	0.687568
1529	11	77	0.676049
1530	11	78	0.664251
1531	11	79	0.650607
1532	11	80	0.635192
1533	11	81	0.619906
1534	11	82	0.601799
1535	11	83	0.580011
1536	11	84	0.557232
1537	11	85	0.539538
1538	11	86	0.526235
1539	11	87	0.514627
1540	11	88	0.49789
1541	11	89	0.478555
1542	11	90	0.461972
1543	11	91	0.448593
1544	11	92	0.434597
1545	11	93	0.421868
1546	11	94	0.411964
1547	11	95	0.399744
1548	11	96	0.388388
1549	11	97	0.374704
1550	11	98	0.358646
1551	11	99	0.343699
1552	11	100	0.331201
1553	11	101	0.31817
1554	11	102	0.306405
1555	11	103	0.296977
1556	11	104	0.285562
1557	11	105	0.272567
1558	11	106	0.259655
1559	11	107	0.246671
1560	11	108	0.236364
1561	11	109	0.225475
1562	11	110	0.213686
1563	11	111	0.203531
1564	11	112	0.195441
1565	11	113	0.187482
1566	11	114	0.177576
1567	11	115	0.168799
1568	11	116	0.160648
1569	11	117	0.152458
1570	11	118	0.144262
1571	11	119	0.135293
1572	11	120	0.126346
1573	11	121	0.118842
1574	11	122	0.110187
1575	11	123	0.101884
1576	11	124	0.0923684
1577	11	125	0.0853169
1578	11	126	0.076303
1579	11	127	0.0688751
1580	11	128	0.0630333
1581	11	129	0.0587775
1582	11	130	0.0561078
1583	11	131	0.0550242
1584	12	0	0.0555266
1585	12	1	0.057615
1586	12	2	0.0612895
1587	12	3	0.0665501
1588	12	4	0.0733967
1589	12	5	0.0818293
1590	12	6	0.0900166
1591	12	7	0.100517
1592	12	8	0.112238
1593	12	9	0.124184
1594	12	10	0.137015
1595	12	11	0.151497
1596	12	12	0.168368
1597	12	13	0.18658
1598	12	14	0.206323
1599	12	15	0.22755
1600	12	16	0.248624
1601	12	17	0.27234
1602	12	18	0.301315
1603	12	19	0.331642
1604	12	20	0.359906
1605	12	21	0.389135
1606	12	22	0.419891
1607	12	23	0.450742
1608	12	24	0.484505
1609	12	25	0.515965
1610	12	26	0.545432
1611	12	27	0.576263
1612	12	28	0.606751
1613	12	29	0.632825
1614	12	30	0.655276
1615	12	31	0.677975
1616	12	32	0.699918
1617	12	33	0.721075
1618	12	34	0.743387
1619	12	35	0.763997
1620	12	36	0.780107
1621	12	37	0.793005
1622	12	38	0.815596
1623	12	39	0.828971
1624	12	40	0.841249
1625	12	41	0.852431
1626	12	42	0.862516
1627	12	43	0.871505
1628	12	44	0.879397
1629	12	45	0.886193
1630	12	46	0.891893
1631	12	47	0.896495
1632	12	48	0.900002
1633	12	49	0.902411
1634	12	50	0.903725
1635	12	51	0.903942
1636	12	52	0.903062
1637	12	53	0.901086
1638	12	54	0.898013
1639	12	55	0.893844
1640	12	56	0.888578
1641	12	57	0.882216
1642	12	58	0.874757
1643	12	59	0.866202
1644	12	60	0.85655
1645	12	61	0.845802
1646	12	62	0.833957
1647	12	63	0.831981
1648	12	64	0.824273
1649	12	65	0.813187
1650	12	66	0.795931
1651	12	67	0.775899
1652	12	68	0.764115
1653	12	69	0.754073
1654	12	70	0.742593
1655	12	71	0.731109
1656	12	72	0.724711
1657	12	73	0.715295
1658	12	74	0.706897
1659	12	75	0.698529
1660	12	76	0.687568
1661	12	77	0.676049
1662	12	78	0.664251
1663	12	79	0.650607
1664	12	80	0.635192
1665	12	81	0.619906
1666	12	82	0.601799
1667	12	83	0.580011
1668	12	84	0.557232
1669	12	85	0.539538
1670	12	86	0.526235
1671	12	87	0.514627
1672	12	88	0.49789
1673	12	89	0.478555
1674	12	90	0.461972
1675	12	91	0.448593
1676	12	92	0.434597
1677	12	93	0.421868
1678	12	94	0.411964
1679	12	95	0.399744
1680	12	96	0.388388
1681	12	97	0.374704
1682	12	98	0.358646
1683	12	99	0.343699
1684	12	100	0.331201
1685	12	101	0.31817
1686	12	102	0.306405
1687	12	103	0.296977
1688	12	104	0.285562
1689	12	105	0.272567
1690	12	106	0.259655
1691	12	107	0.246671
1692	12	108	0.236364
1693	12	109	0.225475
1694	12	110	0.213686
1695	12	111	0.203531
1696	12	112	0.195441
1697	12	113	0.187482
1698	12	114	0.177576
1699	12	115	0.168799
1700	12	116	0.160648
1701	12	117	0.152458
1702	12	118	0.144262
1703	12	119	0.135293
1704	12	120	0.126346
1705	12	121	0.118842
1706	12	122	0.110187
1707	12	123	0.101884
1708	12	124	0.0923684
1709	12	125	0.0853169
1710	12	126	0.076303
1711	12	127	0.0688751
1712	12	128	0.0630333
1713	12	129	0.0587775
1714	12	130	0.0561078
1715	12	131	0.0550242
1716	13	0	0.0555266
1717	13	1	0.057615
1718	13	2	0.0612895
1719	13	3	0.0665501
1720	13	4	0.0733967
1721	13	5	0.0818293
1722	13	6	0.0900166
1723	13	7	0.100517
1724	13	8	0.112238
1725	13	9	0.124184
1726	13	10	0.137015
1727	13	11	0.151497
1728	13	12	0.168368
1729	13	13	0.18658
1730	13	14	0.206323
1731	13	15	0.22755
1732	13	16	0.248624
1733	13	17	0.27234
1734	13	18	0.301315
1735	13	19	0.331642
1736	13	20	0.359906
1737	13	21	0.389135
1738	13	22	0.419891
1739	13	23	0.450742
1740	13	24	0.484505
1741	13	25	0.515965
1742	13	26	0.545432
1743	13	27	0.576263
1744	13	28	0.606751
1745	13	29	0.632825
1746	13	30	0.655276
1747	13	31	0.677975
1748	13	32	0.699918
1749	13	33	0.721075
1750	13	34	0.743387
1751	13	35	0.763997
1752	13	36	0.780107
1753	13	37	0.793005
1754	13	38	0.815596
1755	13	39	0.828971
1756	13	40	0.841249
1757	13	41	0.852431
1758	13	42	0.862516
1759	13	43	0.871505
1760	13	44	0.879397
1761	13	45	0.886193
1762	13	46	0.891893
1763	13	47	0.896495
1764	13	48	0.900002
1765	13	49	0.902411
1766	13	50	0.903725
1767	13	51	0.903942
1768	13	52	0.903062
1769	13	53	0.901086
1770	13	54	0.898013
1771	13	55	0.893844
1772	13	56	0.888578
1773	13	57	0.882216
1774	13	58	0.874757
1775	13	59	0.866202
1776	13	60	0.85655
1777	13	61	0.845802
1778	13	62	0.833957
1779	13	63	0.831981
1780	13	64	0.824273
1781	13	65	0.813187
1782	13	66	0.795931
1783	13	67	0.775899
1784	13	68	0.764115
1785	13	69	0.754073
1786	13	70	0.742593
1787	13	71	0.731109
1788	13	72	0.724711
1789	13	73	0.715295
1790	13	74	0.706897
1791	13	75	0.698529
1792	13	76	0.687568
1793	13	77	0.676049
1794	13	78	0.664251
1795	13	79	0.650607
1796	13	80	0.635192
1797	13	81	0.619906
1798	13	82	0.601799
1799	13	83	0.580011
1800	13	84	0.557232
1801	13	85	0.539538
1802	13	86	0.526235
1803	13	87	0.514627
1804	13	88	0.49789
1805	13	89	0.478555
1806	13	90	0.461972
1807	13	91	0.448593
1808	13	92	0.434597
1809	13	93	0.421868
1810	13	94	0.411964
1811	13	95	0.399744
1812	13	96	0.388388
1813	13	97	0.374704
1814	13	98	0.358646
1815	13	99	0.343699
1816	13	100	0.331201
1817	13	101	0.31817
1818	13	102	0.306405
1819	13	103	0.296977
1820	13	104	0.285562
1821	13	105	0.272567
1822	13	106	0.259655
1823	13	107	0.246671
1824	13	108	0.236364
1825	13	109	0.225475
1826	13	110	0.213686
1827	13	111	0.203531
1828	13	112	0.195441
1829	13	113	0.187482
1830	13	114	0.177576
1831	13	115	0.168799
1832	13	116	0.160648
1833	13	117	0.152458
1834	13	118	0.144262
1835	13	119	0.135293
1836	13	120	0.126346
1837	13	121	0.118842
1838	13	122	0.110187
1839	13	123	0.101884
1840	13	124	0.0923684
1841	13	125	0.0853169
1842	13	126	0.076303
1843	13	127	0.0688751
1844	13	128	0.0630333
1845	13	129	0.0587775
1846	13	130	0.0561078
1847	13	131	0.0550242
1848	14	0	0.0555266
1849	14	1	0.057615
1850	14	2	0.0612895
1851	14	3	0.0665501
1852	14	4	0.0733967
1853	14	5	0.0818293
1854	14	6	0.0900166
1855	14	7	0.100517
1856	14	8	0.112238
1857	14	9	0.124184
1858	14	10	0.137015
1859	14	11	0.151497
1860	14	12	0.168368
1861	14	13	0.18658
1862	14	14	0.206323
1863	14	15	0.22755
1864	14	16	0.248624
1865	14	17	0.27234
1866	14	18	0.301315
1867	14	19	0.331642
1868	14	20	0.359906
1869	14	21	0.389135
1870	14	22	0.419891
1871	14	23	0.450742
1872	14	24	0.484505
1873	14	25	0.515965
1874	14	26	0.545432
1875	14	27	0.576263
1876	14	28	0.606751
1877	14	29	0.632825
1878	14	30	0.655276
1879	14	31	0.677975
1880	14	32	0.699918
1881	14	33	0.721075
1882	14	34	0.743387
1883	14	35	0.763997
1884	14	36	0.780107
1885	14	37	0.793005
1886	14	38	0.815596
1887	14	39	0.828971
1888	14	40	0.841249
1889	14	41	0.852431
1890	14	42	0.862516
1891	14	43	0.871505
1892	14	44	0.879397
1893	14	45	0.886193
1894	14	46	0.891893
1895	14	47	0.896495
1896	14	48	0.900002
1897	14	49	0.902411
1898	14	50	0.903725
1899	14	51	0.903942
1900	14	52	0.903062
1901	14	53	0.901086
1902	14	54	0.898013
1903	14	55	0.893844
1904	14	56	0.888578
1905	14	57	0.882216
1906	14	58	0.874757
1907	14	59	0.866202
1908	14	60	0.85655
1909	14	61	0.845802
1910	14	62	0.833957
1911	14	63	0.831981
1912	14	64	0.824273
1913	14	65	0.813187
1914	14	66	0.795931
1915	14	67	0.775899
1916	14	68	0.764115
1917	14	69	0.754073
1918	14	70	0.742593
1919	14	71	0.731109
1920	14	72	0.724711
1921	14	73	0.715295
1922	14	74	0.706897
1923	14	75	0.698529
1924	14	76	0.687568
1925	14	77	0.676049
1926	14	78	0.664251
1927	14	79	0.650607
1928	14	80	0.635192
1929	14	81	0.619906
1930	14	82	0.601799
1931	14	83	0.580011
1932	14	84	0.557232
1933	14	85	0.539538
1934	14	86	0.526235
1935	14	87	0.514627
1936	14	88	0.49789
1937	14	89	0.478555
1938	14	90	0.461972
1939	14	91	0.448593
1940	14	92	0.434597
1941	14	93	0.421868
1942	14	94	0.411964
1943	14	95	0.399744
1944	14	96	0.388388
1945	14	97	0.374704
1946	14	98	0.358646
1947	14	99	0.343699
1948	14	100	0.331201
1949	14	101	0.31817
1950	14	102	0.306405
1951	14	103	0.296977
1952	14	104	0.285562
1953	14	105	0.272567
1954	14	106	0.259655
1955	14	107	0.246671
1956	14	108	0.236364
1957	14	109	0.225475
1958	14	110	0.213686
1959	14	111	0.203531
1960	14	112	0.195441
1961	14	113	0.187482
1962	14	114	0.177576
1963	14	115	0.168799
1964	14	116	0.160648
1965	14	117	0.152458
1966	14	118	0.144262
1967	14	119	0.135293
1968	14	120	0.126346
1969	14	121	0.118842
1970	14	122	0.110187
1971	14	123	0.101884
1972	14	124	0.0923684
1973	14	125	0.0853169
1974	14	126	0.076303
1975	14	127	0.0688751
1976	14	128	0.0630333
1977	14	129	0.0587775
1978	14	130	0.0561078
1979	14	131	0.0550242
1980	15	0	0.0555266
1981	15	1	0.057615
1982	15	2	0.0612895
1983	15	3	0.0665501
1984	15	4	0.0733967
1985	15	5	0.0818293
1986	15	6	0.0900166
1987	15	7	0.100517
1988	15	8	0.112238
1989	15	9	0.124184
1990	15	10	0.137015
1991	15	11	0.151497
1992	15	12	0.168368
1993	15	13	0.18658
1994	15	14	0.206323
1995	15	15	0.22755
1996	15	16	0.248624
1997	15	17	0.27234
1998	15	18	0.301315
1999	15	19	0.331642
2000	15	20	0.359906
2001	15	21	0.389135
2002	15	22	0.419891
2003	15	23	0.450742
2004	15	24	0.484505
2005	15	25	0.515965
2006	15	26	0.545432
2007	15	27	0.576263
2008	15	28	0.606751
2009	15	29	0.632825
2010	15	30	0.655276
2011	15	31	0.677975
2012	15	32	0.699918
2013	15	33	0.721075
2014	15	34	0.743387
2015	15	35	0.763997
2016	15	36	0.780107
2017	15	37	0.793005
2018	15	38	0.815596
2019	15	39	0.828971
2020	15	40	0.841249
2021	15	41	0.852431
2022	15	42	0.862516
2023	15	43	0.871505
2024	15	44	0.879397
2025	15	45	0.886193
2026	15	46	0.891893
2027	15	47	0.896495
2028	15	48	0.900002
2029	15	49	0.902411
2030	15	50	0.903725
2031	15	51	0.903942
2032	15	52	0.903062
2033	15	53	0.901086
2034	15	54	0.898013
2035	15	55	0.893844
2036	15	56	0.888578
2037	15	57	0.882216
2038	15	58	0.874757
2039	15	59	0.866202
2040	15	60	0.85655
2041	15	61	0.845802
2042	15	62	0.833957
2043	15	63	0.831981
2044	15	64	0.824273
2045	15	65	0.813187
2046	15	66	0.795931
2047	15	67	0.775899
2048	15	68	0.764115
2049	15	69	0.754073
2050	15	70	0.742593
2051	15	71	0.731109
2052	15	72	0.724711
2053	15	73	0.715295
2054	15	74	0.706897
2055	15	75	0.698529
2056	15	76	0.687568
2057	15	77	0.676049
2058	15	78	0.664251
2059	15	79	0.650607
2060	15	80	0.635192
2061	15	81	0.619906
2062	15	82	0.601799
2063	15	83	0.580011
2064	15	84	0.557232
2065	15	85	0.539538
2066	15	86	0.526235
2067	15	87	0.514627
2068	15	88	0.49789
2069	15	89	0.478555
2070	15	90	0.461972
2071	15	91	0.448593
2072	15	92	0.434597
2073	15	93	0.421868
2074	15	94	0.411964
2075	15	95	0.399744
2076	15	96	0.388388
2077	15	97	0.374704
2078	15	98	0.358646
2079	15	99	0.343699
2080	15	100	0.331201
2081	15	101	0.31817
2082	15	102	0.306405
2083	15	103	0.296977
2084	15	104	0.285562
2085	15	105	0.272567
2086	15	106	0.259655
2087	15	107	0.246671
2088	15	108	0.236364
2089	15	109	0.225475
2090	15	110	0.213686
2091	15	111	0.203531
2092	15	112	0.195441
2093	15	113	0.187482
2094	15	114	0.177576
2095	15	115	0.168799
2096	15	116	0.160648
2097	15	117	0.152458
2098	15	118	0.144262
2099	15	119	0.135293
2100	15	120	0.126346
2101	15	121	0.118842
2102	15	122	0.110187
2103	15	123	0.101884
2104	15	124	0.0923684
2105	15	125	0.0853169
2106	15	126	0.076303
2107	15	127	0.0688751
2108	15	128	0.0630333
2109	15	129	0.0587775
2110	15	130	0.0561078
2111	15	131	0.0550242
2112	16	0	0.0555266
2113	16	1	0.057615
2114	16	2	0.0612895
2115	16	3	0.0665501
2116	16	4	0.0733967
2117	16	5	0.0818293
2118	16	6	0.0900166
2119	16	7	0.100517
2120	16	8	0.112238
2121	16	9	0.124184
2122	16	10	0.137015
2123	16	11	0.151497
2124	16	12	0.168368
2125	16	13	0.18658
2126	16	14	0.206323
2127	16	15	0.22755
2128	16	16	0.248624
2129	16	17	0.27234
2130	16	18	0.301315
2131	16	19	0.331642
2132	16	20	0.359906
2133	16	21	0.389135
2134	16	22	0.419891
2135	16	23	0.450742
2136	16	24	0.484505
2137	16	25	0.515965
2138	16	26	0.545432
2139	16	27	0.576263
2140	16	28	0.606751
2141	16	29	0.632825
2142	16	30	0.655276
2143	16	31	0.677975
2144	16	32	0.699918
2145	16	33	0.721075
2146	16	34	0.743387
2147	16	35	0.763997
2148	16	36	0.780107
2149	16	37	0.793005
2150	16	38	0.815596
2151	16	39	0.828971
2152	16	40	0.841249
2153	16	41	0.852431
2154	16	42	0.862516
2155	16	43	0.871505
2156	16	44	0.879397
2157	16	45	0.886193
2158	16	46	0.891893
2159	16	47	0.896495
2160	16	48	0.900002
2161	16	49	0.902411
2162	16	50	0.903725
2163	16	51	0.903942
2164	16	52	0.903062
2165	16	53	0.901086
2166	16	54	0.898013
2167	16	55	0.893844
2168	16	56	0.888578
2169	16	57	0.882216
2170	16	58	0.874757
2171	16	59	0.866202
2172	16	60	0.85655
2173	16	61	0.845802
2174	16	62	0.833957
2175	16	63	0.831981
2176	16	64	0.824273
2177	16	65	0.813187
2178	16	66	0.795931
2179	16	67	0.775899
2180	16	68	0.764115
2181	16	69	0.754073
2182	16	70	0.742593
2183	16	71	0.731109
2184	16	72	0.724711
2185	16	73	0.715295
2186	16	74	0.706897
2187	16	75	0.698529
2188	16	76	0.687568
2189	16	77	0.676049
2190	16	78	0.664251
2191	16	79	0.650607
2192	16	80	0.635192
2193	16	81	0.619906
2194	16	82	0.601799
2195	16	83	0.580011
2196	16	84	0.557232
2197	16	85	0.539538
2198	16	86	0.526235
2199	16	87	0.514627
2200	16	88	0.49789
2201	16	89	0.478555
2202	16	90	0.461972
2203	16	91	0.448593
2204	16	92	0.434597
2205	16	93	0.421868
2206	16	94	0.411964
2207	16	95	0.399744
2208	16	96	0.388388
2209	16	97	0.374704
2210	16	98	0.358646
2211	16	99	0.343699
2212	16	100	0.331201
2213	16	101	0.31817
2214	16	102	0.306405
2215	16	103	0.296977
2216	16	104	0.285562
2217	16	105	0.272567
2218	16	106	0.259655
2219	16	107	0.246671
2220	16	108	0.236364
2221	16	109	0.225475
2222	16	110	0.213686
2223	16	111	0.203531
2224	16	112	0.195441
2225	16	113	0.187482
2226	16	114	0.177576
2227	16	115	0.168799
2228	16	116	0.160648
2229	16	117	0.152458
2230	16	118	0.144262
2231	16	119	0.135293
2232	16	120	0.126346
2233	16	121	0.118842
2234	16	122	0.110187
2235	16	123	0.101884
2236	16	124	0.0923684
2237	16	125	0.0853169
2238	16	126	0.076303
2239	16	127	0.0688751
2240	16	128	0.0630333
2241	16	129	0.0587775
2242	16	130	0.0561078
2243	16	131	0.0550242
2244	17	0	0.0555266
2245	17	1	0.057615
2246	17	2	0.0612895
2247	17	3	0.0665501
2248	17	4	0.0733967
2249	17	5	0.0818293
2250	17	6	0.0900166
2251	17	7	0.100517
2252	17	8	0.112238
2253	17	9	0.124184
2254	17	10	0.137015
2255	17	11	0.151497
2256	17	12	0.168368
2257	17	13	0.18658
2258	17	14	0.206323
2259	17	15	0.22755
2260	17	16	0.248624
2261	17	17	0.27234
2262	17	18	0.301315
2263	17	19	0.331642
2264	17	20	0.359906
2265	17	21	0.389135
2266	17	22	0.419891
2267	17	23	0.450742
2268	17	24	0.484505
2269	17	25	0.515965
2270	17	26	0.545432
2271	17	27	0.576263
2272	17	28	0.606751
2273	17	29	0.632825
2274	17	30	0.655276
2275	17	31	0.677975
2276	17	32	0.699918
2277	17	33	0.721075
2278	17	34	0.743387
2279	17	35	0.763997
2280	17	36	0.780107
2281	17	37	0.793005
2282	17	38	0.815596
2283	17	39	0.828971
2284	17	40	0.841249
2285	17	41	0.852431
2286	17	42	0.862516
2287	17	43	0.871505
2288	17	44	0.879397
2289	17	45	0.886193
2290	17	46	0.891893
2291	17	47	0.896495
2292	17	48	0.900002
2293	17	49	0.902411
2294	17	50	0.903725
2295	17	51	0.903942
2296	17	52	0.903062
2297	17	53	0.901086
2298	17	54	0.898013
2299	17	55	0.893844
2300	17	56	0.888578
2301	17	57	0.882216
2302	17	58	0.874757
2303	17	59	0.866202
2304	17	60	0.85655
2305	17	61	0.845802
2306	17	62	0.833957
2307	17	63	0.831981
2308	17	64	0.824273
2309	17	65	0.813187
2310	17	66	0.795931
2311	17	67	0.775899
2312	17	68	0.764115
2313	17	69	0.754073
2314	17	70	0.742593
2315	17	71	0.731109
2316	17	72	0.724711
2317	17	73	0.715295
2318	17	74	0.706897
2319	17	75	0.698529
2320	17	76	0.687568
2321	17	77	0.676049
2322	17	78	0.664251
2323	17	79	0.650607
2324	17	80	0.635192
2325	17	81	0.619906
2326	17	82	0.601799
2327	17	83	0.580011
2328	17	84	0.557232
2329	17	85	0.539538
2330	17	86	0.526235
2331	17	87	0.514627
2332	17	88	0.49789
2333	17	89	0.478555
2334	17	90	0.461972
2335	17	91	0.448593
2336	17	92	0.434597
2337	17	93	0.421868
2338	17	94	0.411964
2339	17	95	0.399744
2340	17	96	0.388388
2341	17	97	0.374704
2342	17	98	0.358646
2343	17	99	0.343699
2344	17	100	0.331201
2345	17	101	0.31817
2346	17	102	0.306405
2347	17	103	0.296977
2348	17	104	0.285562
2349	17	105	0.272567
2350	17	106	0.259655
2351	17	107	0.246671
2352	17	108	0.236364
2353	17	109	0.225475
2354	17	110	0.213686
2355	17	111	0.203531
2356	17	112	0.195441
2357	17	113	0.187482
2358	17	114	0.177576
2359	17	115	0.168799
2360	17	116	0.160648
2361	17	117	0.152458
2362	17	118	0.144262
2363	17	119	0.135293
2364	17	120	0.126346
2365	17	121	0.118842
2366	17	122	0.110187
2367	17	123	0.101884
2368	17	124	0.0923684
2369	17	125	0.0853169
2370	17	126	0.076303
2371	17	127	0.0688751
2372	17	128	0.0630333
2373	17	129	0.0587775
2374	17	130	0.0561078
2375	17	131	0.0550242
2376	18	0	0.0555266
2377	18	1	0.057615
2378	18	2	0.0612895
2379	18	3	0.0665501
2380	18	4	0.0733967
2381	18	5	0.0818293
2382	18	6	0.0900166
2383	18	7	0.100517
2384	18	8	0.112238
2385	18	9	0.124184
2386	18	10	0.137015
2387	18	11	0.151497
2388	18	12	0.168368
2389	18	13	0.18658
2390	18	14	0.206323
2391	18	15	0.22755
2392	18	16	0.248624
2393	18	17	0.27234
2394	18	18	0.301315
2395	18	19	0.331642
2396	18	20	0.359906
2397	18	21	0.389135
2398	18	22	0.419891
2399	18	23	0.450742
2400	18	24	0.484505
2401	18	25	0.515965
2402	18	26	0.545432
2403	18	27	0.576263
2404	18	28	0.606751
2405	18	29	0.632825
2406	18	30	0.655276
2407	18	31	0.677975
2408	18	32	0.699918
2409	18	33	0.721075
2410	18	34	0.743387
2411	18	35	0.763997
2412	18	36	0.780107
2413	18	37	0.793005
2414	18	38	0.815596
2415	18	39	0.828971
2416	18	40	0.841249
2417	18	41	0.852431
2418	18	42	0.862516
2419	18	43	0.871505
2420	18	44	0.879397
2421	18	45	0.886193
2422	18	46	0.891893
2423	18	47	0.896495
2424	18	48	0.900002
2425	18	49	0.902411
2426	18	50	0.903725
2427	18	51	0.903942
2428	18	52	0.903062
2429	18	53	0.901086
2430	18	54	0.898013
2431	18	55	0.893844
2432	18	56	0.888578
2433	18	57	0.882216
2434	18	58	0.874757
2435	18	59	0.866202
2436	18	60	0.85655
2437	18	61	0.845802
2438	18	62	0.833957
2439	18	63	0.831981
2440	18	64	0.824273
2441	18	65	0.813187
2442	18	66	0.795931
2443	18	67	0.775899
2444	18	68	0.764115
2445	18	69	0.754073
2446	18	70	0.742593
2447	18	71	0.731109
2448	18	72	0.724711
2449	18	73	0.715295
2450	18	74	0.706897
2451	18	75	0.698529
2452	18	76	0.687568
2453	18	77	0.676049
2454	18	78	0.664251
2455	18	79	0.650607
2456	18	80	0.635192
2457	18	81	0.619906
2458	18	82	0.601799
2459	18	83	0.580011
2460	18	84	0.557232
2461	18	85	0.539538
2462	18	86	0.526235
2463	18	87	0.514627
2464	18	88	0.49789
2465	18	89	0.478555
2466	18	90	0.461972
2467	18	91	0.448593
2468	18	92	0.434597
2469	18	93	0.421868
2470	18	94	0.411964
2471	18	95	0.399744
2472	18	96	0.388388
2473	18	97	0.374704
2474	18	98	0.358646
2475	18	99	0.343699
2476	18	100	0.331201
2477	18	101	0.31817
2478	18	102	0.306405
2479	18	103	0.296977
2480	18	104	0.285562
2481	18	105	0.272567
2482	18	106	0.259655
2483	18	107	0.246671
2484	18	108	0.236364
2485	18	109	0.225475
2486	18	110	0.213686
2487	18	111	0.203531
2488	18	112	0.195441
2489	18	113	0.187482
2490	18	114	0.177576
2491	18	115	0.168799
2492	18	116	0.160648
2493	18	117	0.152458
2494	18	118	0.144262
2495	18	119	0.135293
2496	18	120	0.126346
2497	18	121	0.118842
2498	18	122	0.110187
2499	18	123	0.101884
2500	18	124	0.0923684
2501	18	125	0.0853169
2502	18	126	0.076303
2503	18	127	0.0688751
2504	18	128	0.0630333
2505	18	129	0.0587775
2506	18	130	0.0561078
2507	18	131	0.0550242
2508	19	0	0.0555266
2509	19	1	0.057615
2510	19	2	0.0612895
2511	19	3	0.0665501
2512	19	4	0.0733967
2513	19	5	0.0818293
2514	19	6	0.0900166
2515	19	7	0.100517
2516	19	8	0.112238
2517	19	9	0.124184
2518	19	10	0.137015
2519	19	11	0.151497
2520	19	12	0.168368
2521	19	13	0.18658
2522	19	14	0.206323
2523	19	15	0.22755
2524	19	16	0.248624
2525	19	17	0.27234
2526	19	18	0.301315
2527	19	19	0.331642
2528	19	20	0.359906
2529	19	21	0.389135
2530	19	22	0.419891
2531	19	23	0.450742
2532	19	24	0.484505
2533	19	25	0.515965
2534	19	26	0.545432
2535	19	27	0.576263
2536	19	28	0.606751
2537	19	29	0.632825
2538	19	30	0.655276
2539	19	31	0.677975
2540	19	32	0.699918
2541	19	33	0.721075
2542	19	34	0.743387
2543	19	35	0.763997
2544	19	36	0.780107
2545	19	37	0.793005
2546	19	38	0.815596
2547	19	39	0.828971
2548	19	40	0.841249
2549	19	41	0.852431
2550	19	42	0.862516
2551	19	43	0.871505
2552	19	44	0.879397
2553	19	45	0.886193
2554	19	46	0.891893
2555	19	47	0.896495
2556	19	48	0.900002
2557	19	49	0.902411
2558	19	50	0.903725
2559	19	51	0.903942
2560	19	52	0.903062
2561	19	53	0.901086
2562	19	54	0.898013
2563	19	55	0.893844
2564	19	56	0.888578
2565	19	57	0.882216
2566	19	58	0.874757
2567	19	59	0.866202
2568	19	60	0.85655
2569	19	61	0.845802
2570	19	62	0.833957
2571	19	63	0.831981
2572	19	64	0.824273
2573	19	65	0.813187
2574	19	66	0.795931
2575	19	67	0.775899
2576	19	68	0.764115
2577	19	69	0.754073
2578	19	70	0.742593
2579	19	71	0.731109
2580	19	72	0.724711
2581	19	73	0.715295
2582	19	74	0.706897
2583	19	75	0.698529
2584	19	76	0.687568
2585	19	77	0.676049
2586	19	78	0.664251
2587	19	79	0.650607
2588	19	80	0.635192
2589	19	81	0.619906
2590	19	82	0.601799
2591	19	83	0.580011
2592	19	84	0.557232
2593	19	85	0.539538
2594	19	86	0.526235
2595	19	87	0.514627
2596	19	88	0.49789
2597	19	89	0.478555
2598	19	90	0.461972
2599	19	91	0.448593
2600	19	92	0.434597
2601	19	93	0.421868
2602	19	94	0.411964
2603	19	95	0.399744
2604	19	96	0.388388
2605	19	97	0.374704
2606	19	98	0.358646
2607	19	99	0.343699
2608	19	100	0.331201
2609	19	101	0.31817
2610	19	102	0.306405
2611	19	103	0.296977
2612	19	104	0.285562
2613	19	105	0.272567
2614	19	106	0.259655
2615	19	107	0.246671
2616	19	108	0.236364
2617	19	109	0.225475
2618	19	110	0.213686
2619	19	111	0.203531
2620	19	112	0.195441
2621	19	113	0.187482
2622	19	114	0.177576
2623	19	115	0.168799
2624	19	116	0.160648
2625	19	117	0.152458
2626	19	118	0.144262
2627	19	119	0.135293
2628	19	120	0.126346
2629	19	121	0.118842
2630	19	122	0.110187
2631	19	123	0.101884
2632	19	124	0.0923684
2633	19	125	0.0853169
2634	19	126	0.076303
2635	19	127	0.0688751
2636	19	128	0.0630333
2637	19	129	0.0587775
2638	19	130	0.0561078
2639	19	131	0.0550242
2640	20	0	0.0555266
2641	20	1	0.057615
2642	20	2	0.0612895
2643	20	3	0.0665501
2644	20	4	0.0733967
2645	20	5	0.0818293
2646	20	6	0.0900166
2647	20	7	0.100517
2648	20	8	0.112238
2649	20	9	0.124184
2650	20	10	0.137015
2651	20	11	0.151497
2652	20	12	0.168368
2653	20	13	0.18658
2654	20	14	0.206323
2655	20	15	0.22755
2656	20	16	0.248624
2657	20	17	0.27234
2658	20	18	0.301315
2659	20	19	0.331642
2660	20	20	0.359906
2661	20	21	0.389135
2662	20	22	0.419891
2663	20	23	0.450742
2664	20	24	0.484505
2665	20	25	0.515965
2666	20	26	0.545432
2667	20	27	0.576263
2668	20	28	0.606751
2669	20	29	0.632825
2670	20	30	0.655276
2671	20	31	0.677975
2672	20	32	0.699918
2673	20	33	0.721075
2674	20	34	0.743387
2675	20	35	0.763997
2676	20	36	0.780107
2677	20	37	0.793005
2678	20	38	0.815596
2679	20	39	0.828971
2680	20	40	0.841249
2681	20	41	0.852431
2682	20	42	0.862516
2683	20	43	0.871505
2684	20	44	0.879397
2685	20	45	0.886193
2686	20	46	0.891893
2687	20	47	0.896495
2688	20	48	0.900002
2689	20	49	0.902411
2690	20	50	0.903725
2691	20	51	0.903942
2692	20	52	0.903062
2693	20	53	0.901086
2694	20	54	0.898013
2695	20	55	0.893844
2696	20	56	0.888578
2697	20	57	0.882216
2698	20	58	0.874757
2699	20	59	0.866202
2700	20	60	0.85655
2701	20	61	0.845802
2702	20	62	0.833957
2703	20	63	0.831981
2704	20	64	0.824273
2705	20	65	0.813187
2706	20	66	0.795931
2707	20	67	0.775899
2708	20	68	0.764115
2709	20	69	0.754073
2710	20	70	0.742593
2711	20	71	0.731109
2712	20	72	0.724711
2713	20	73	0.715295
2714	20	74	0.706897
2715	20	75	0.698529
2716	20	76	0.687568
2717	20	77	0.676049
2718	20	78	0.664251
2719	20	79	0.650607
2720	20	80	0.635192
2721	20	81	0.619906
2722	20	82	0.601799
2723	20	83	0.580011
2724	20	84	0.557232
2725	20	85	0.539538
2726	20	86	0.526235
2727	20	87	0.514627
2728	20	88	0.49789
2729	20	89	0.478555
2730	20	90	0.461972
2731	20	91	0.448593
2732	20	92	0.434597
2733	20	93	0.421868
2734	20	94	0.411964
2735	20	95	0.399744
2736	20	96	0.388388
2737	20	97	0.374704
2738	20	98	0.358646
2739	20	99	0.343699
2740	20	100	0.331201
2741	20	101	0.31817
2742	20	102	0.306405
2743	20	103	0.296977
2744	20	104	0.285562
2745	20	105	0.272567
2746	20	106	0.259655
2747	20	107	0.246671
2748	20	108	0.236364
2749	20	109	0.225475
2750	20	110	0.213686
2751	20	111	0.203531
2752	20	112	0.195441
2753	20	113	0.187482
2754	20	114	0.177576
2755	20	115	0.168799
2756	20	116	0.160648
2757	20	117	0.152458
2758	20	118	0.144262
2759	20	119	0.135293
2760	20	120	0.126346
2761	20	121	0.118842
2762	20	122	0.110187
2763	20	123	0.101884
2764	20	124	0.0923684
2765	20	125	0.0853169
2766	20	126	0.076303
2767	20	127	0.0688751
2768	20	128	0.0630333
2769	20	129	0.0587775
2770	20	130	0.0561078
2771	20	131	0.0550242
2772	21	0	0.0555266
2773	21	1	0.057615
2774	21	2	0.0612895
2775	21	3	0.0665501
2776	21	4	0.0733967
2777	21	5	0.0818293
2778	21	6	0.0900166
2779	21	7	0.100517
2780	21	8	0.112238
2781	21	9	0.124184
2782	21	10	0.137015
2783	21	11	0.151497
2784	21	12	0.168368
2785	21	13	0.18658
2786	21	14	0.206323
2787	21	15	0.22755
2788	21	16	0.248624
2789	21	17	0.27234
2790	21	18	0.301315
2791	21	19	0.331642
2792	21	20	0.359906
2793	21	21	0.389135
2794	21	22	0.419891
2795	21	23	0.450742
2796	21	24	0.484505
2797	21	25	0.515965
2798	21	26	0.545432
2799	21	27	0.576263
2800	21	28	0.606751
2801	21	29	0.632825
2802	21	30	0.655276
2803	21	31	0.677975
2804	21	32	0.699918
2805	21	33	0.721075
2806	21	34	0.743387
2807	21	35	0.763997
2808	21	36	0.780107
2809	21	37	0.793005
2810	21	38	0.815596
2811	21	39	0.828971
2812	21	40	0.841249
2813	21	41	0.852431
2814	21	42	0.862516
2815	21	43	0.871505
2816	21	44	0.879397
2817	21	45	0.886193
2818	21	46	0.891893
2819	21	47	0.896495
2820	21	48	0.900002
2821	21	49	0.902411
2822	21	50	0.903725
2823	21	51	0.903942
2824	21	52	0.903062
2825	21	53	0.901086
2826	21	54	0.898013
2827	21	55	0.893844
2828	21	56	0.888578
2829	21	57	0.882216
2830	21	58	0.874757
2831	21	59	0.866202
2832	21	60	0.85655
2833	21	61	0.845802
2834	21	62	0.833957
2835	21	63	0.831981
2836	21	64	0.824273
2837	21	65	0.813187
2838	21	66	0.795931
2839	21	67	0.775899
2840	21	68	0.764115
2841	21	69	0.754073
2842	21	70	0.742593
2843	21	71	0.731109
2844	21	72	0.724711
2845	21	73	0.715295
2846	21	74	0.706897
2847	21	75	0.698529
2848	21	76	0.687568
2849	21	77	0.676049
2850	21	78	0.664251
2851	21	79	0.650607
2852	21	80	0.635192
2853	21	81	0.619906
2854	21	82	0.601799
2855	21	83	0.580011
2856	21	84	0.557232
2857	21	85	0.539538
2858	21	86	0.526235
2859	21	87	0.514627
2860	21	88	0.49789
2861	21	89	0.478555
2862	21	90	0.461972
2863	21	91	0.448593
2864	21	92	0.434597
2865	21	93	0.421868
2866	21	94	0.411964
2867	21	95	0.399744
2868	21	96	0.388388
2869	21	97	0.374704
2870	21	98	0.358646
2871	21	99	0.343699
2872	21	100	0.331201
2873	21	101	0.31817
2874	21	102	0.306405
2875	21	103	0.296977
2876	21	104	0.285562
2877	21	105	0.272567
2878	21	106	0.259655
2879	21	107	0.246671
2880	21	108	0.236364
2881	21	109	0.225475
2882	21	110	0.213686
2883	21	111	0.203531
2884	21	112	0.195441
2885	21	113	0.187482
2886	21	114	0.177576
2887	21	115	0.168799
2888	21	116	0.160648
2889	21	117	0.152458
2890	21	118	0.144262
2891	21	119	0.135293
2892	21	120	0.126346
2893	21	121	0.118842
2894	21	122	0.110187
2895	21	123	0.101884
2896	21	124	0.0923684
2897	21	125	0.0853169
2898	21	126	0.076303
2899	21	127	0.0688751
2900	21	128	0.0630333
2901	21	129	0.0587775
2902	21	130	0.0561078
2903	21	131	0.0550242
2904	22	0	0.0555266
2905	22	1	0.057615
2906	22	2	0.0612895
2907	22	3	0.0665501
2908	22	4	0.0733967
2909	22	5	0.0818293
2910	22	6	0.0900166
2911	22	7	0.100517
2912	22	8	0.112238
2913	22	9	0.124184
2914	22	10	0.137015
2915	22	11	0.151497
2916	22	12	0.168368
2917	22	13	0.18658
2918	22	14	0.206323
2919	22	15	0.22755
2920	22	16	0.248624
2921	22	17	0.27234
2922	22	18	0.301315
2923	22	19	0.331642
2924	22	20	0.359906
2925	22	21	0.389135
2926	22	22	0.419891
2927	22	23	0.450742
2928	22	24	0.484505
2929	22	25	0.515965
2930	22	26	0.545432
2931	22	27	0.576263
2932	22	28	0.606751
2933	22	29	0.632825
2934	22	30	0.655276
2935	22	31	0.677975
2936	22	32	0.699918
2937	22	33	0.721075
2938	22	34	0.743387
2939	22	35	0.763997
2940	22	36	0.780107
2941	22	37	0.793005
2942	22	38	0.815596
2943	22	39	0.828971
2944	22	40	0.841249
2945	22	41	0.852431
2946	22	42	0.862516
2947	22	43	0.871505
2948	22	44	0.879397
2949	22	45	0.886193
2950	22	46	0.891893
2951	22	47	0.896495
2952	22	48	0.900002
2953	22	49	0.902411
2954	22	50	0.903725
2955	22	51	0.903942
2956	22	52	0.903062
2957	22	53	0.901086
2958	22	54	0.898013
2959	22	55	0.893844
2960	22	56	0.888578
2961	22	57	0.882216
2962	22	58	0.874757
2963	22	59	0.866202
2964	22	60	0.85655
2965	22	61	0.845802
2966	22	62	0.833957
2967	22	63	0.831981
2968	22	64	0.824273
2969	22	65	0.813187
2970	22	66	0.795931
2971	22	67	0.775899
2972	22	68	0.764115
2973	22	69	0.754073
2974	22	70	0.742593
2975	22	71	0.731109
2976	22	72	0.724711
2977	22	73	0.715295
2978	22	74	0.706897
2979	22	75	0.698529
2980	22	76	0.687568
2981	22	77	0.676049
2982	22	78	0.664251
2983	22	79	0.650607
2984	22	80	0.635192
2985	22	81	0.619906
2986	22	82	0.601799
2987	22	83	0.580011
2988	22	84	0.557232
2989	22	85	0.539538
2990	22	86	0.526235
2991	22	87	0.514627
2992	22	88	0.49789
2993	22	89	0.478555
2994	22	90	0.461972
2995	22	91	0.448593
2996	22	92	0.434597
2997	22	93	0.421868
2998	22	94	0.411964
2999	22	95	0.399744
3000	22	96	0.388388
3001	22	97	0.374704
3002	22	98	0.358646
3003	22	99	0.343699
3004	22	100	0.331201
3005	22	101	0.31817
3006	22	102	0.306405
3007	22	103	0.296977
3008	22	104	0.285562
3009	22	105	0.272567
3010	22	106	0.259655
3011	22	107	0.246671
3012	22	108	0.236364
3013	22	109	0.225475
3014	22	110	0.213686
3015	22	111	0.203531
3016	22	112	0.195441
3017	22	113	0.187482
3018	22	114	0.177576
3019	22	115	0.168799
3020	22	116	0.160648
3021	22	117	0.152458
3022	22	118	0.144262
3023	22	119	0.135293
3024	22	120	0.126346
3025	22	121	0.118842
3026	22	122	0.110187
3027	22	123	0.101884
3028	22	124	0.0923684
3029	22	125	0.0853169
3030	22	126	0.076303
3031	22	127	0.0688751
3032	22	128	0.0630333
3033	22	129	0.0587775
3034	22	130	0.0561078
3035	22	131	0.0550242
3036	23	0	0.0555266
3037	23	1	0.057615
3038	23	2	0.0612895
3039	23	3	0.0665501
3040	23	4	0.0733967
3041	23	5	0.0818293
3042	23	6	0.0900166
3043	23	7	0.100517
3044	23	8	0.112238
3045	23	9	0.124184
3046	23	10	0.137015
3047	23	11	0.151497
3048	23	12	0.168368
3049	23	13	0.18658
3050	23	14	0.206323
3051	23	15	0.22755
3052	23	16	0.248624
3053	23	17	0.27234
3054	23	18	0.301315
3055	23	19	0.331642
3056	23	20	0.359906
3057	23	21	0.389135
3058	23	22	0.419891
3059	23	23	0.450742
3060	23	24	0.484505
3061	23	25	0.515965
3062	23	26	0.545432
3063	23	27	0.576263
3064	23	28	0.606751
3065	23	29	0.632825
3066	23	30	0.655276
3067	23	31	0.677975
3068	23	32	0.699918
3069	23	33	0.721075
3070	23	34	0.743387
3071	23	35	0.763997
3072	23	36	0.780107
3073	23	37	0.793005
3074	23	38	0.815596
3075	23	39	0.828971
3076	23	40	0.841249
3077	23	41	0.852431
3078	23	42	0.862516
3079	23	43	0.871505
3080	23	44	0.879397
3081	23	45	0.886193
3082	23	46	0.891893
3083	23	47	0.896495
3084	23	48	0.900002
3085	23	49	0.902411
3086	23	50	0.903725
3087	23	51	0.903942
3088	23	52	0.903062
3089	23	53	0.901086
3090	23	54	0.898013
3091	23	55	0.893844
3092	23	56	0.888578
3093	23	57	0.882216
3094	23	58	0.874757
3095	23	59	0.866202
3096	23	60	0.85655
3097	23	61	0.845802
3098	23	62	0.833957
3099	23	63	0.831981
3100	23	64	0.824273
3101	23	65	0.813187
3102	23	66	0.795931
3103	23	67	0.775899
3104	23	68	0.764115
3105	23	69	0.754073
3106	23	70	0.742593
3107	23	71	0.731109
3108	23	72	0.724711
3109	23	73	0.715295
3110	23	74	0.706897
3111	23	75	0.698529
3112	23	76	0.687568
3113	23	77	0.676049
3114	23	78	0.664251
3115	23	79	0.650607
3116	23	80	0.635192
3117	23	81	0.619906
3118	23	82	0.601799
3119	23	83	0.580011
3120	23	84	0.557232
3121	23	85	0.539538
3122	23	86	0.526235
3123	23	87	0.514627
3124	23	88	0.49789
3125	23	89	0.478555
3126	23	90	0.461972
3127	23	91	0.448593
3128	23	92	0.434597
3129	23	93	0.421868
3130	23	94	0.411964
3131	23	95	0.399744
3132	23	96	0.388388
3133	23	97	0.374704
3134	23	98	0.358646
3135	23	99	0.343699
3136	23	100	0.331201
3137	23	101	0.31817
3138	23	102	0.306405
3139	23	103	0.296977
3140	23	104	0.285562
3141	23	105	0.272567
3142	23	106	0.259655
3143	23	107	0.246671
3144	23	108	0.236364
3145	23	109	0.225475
3146	23	110	0.213686
3147	23	111	0.203531
3148	23	112	0.195441
3149	23	113	0.187482
3150	23	114	0.177576
3151	23	115	0.168799
3152	23	116	0.160648
3153	23	117	0.152458
3154	23	118	0.144262
3155	23	119	0.135293
3156	23	120	0.126346
3157	23	121	0.118842
3158	23	122	0.110187
3159	23	123	0.101884
3160	23	124	0.0923684
3161	23	125	0.0853169
3162	23	126	0.076303
3163	23	127	0.0688751
3164	23	128	0.0630333
3165	23	129	0.0587775
3166	23	130	0.0561078
3167	23	131	0.0550242
3168	24	0	0.0555266
3169	24	1	0.057615
3170	24	2	0.0612895
3171	24	3	0.0665501
3172	24	4	0.0733967
3173	24	5	0.0818293
3174	24	6	0.0900166
3175	24	7	0.100517
3176	24	8	0.112238
3177	24	9	0.124184
3178	24	10	0.137015
3179	24	11	0.151497
3180	24	12	0.168368
3181	24	13	0.18658
3182	24	14	0.206323
3183	24	15	0.22755
3184	24	16	0.248624
3185	24	17	0.27234
3186	24	18	0.301315
3187	24	19	0.331642
3188	24	20	0.359906
3189	24	21	0.389135
3190	24	22	0.419891
3191	24	23	0.450742
3192	24	24	0.484505
3193	24	25	0.515965
3194	24	26	0.545432
3195	24	27	0.576263
3196	24	28	0.606751
3197	24	29	0.632825
3198	24	30	0.655276
3199	24	31	0.677975
3200	24	32	0.699918
3201	24	33	0.721075
3202	24	34	0.743387
3203	24	35	0.763997
3204	24	36	0.780107
3205	24	37	0.793005
3206	24	38	0.815596
3207	24	39	0.828971
3208	24	40	0.841249
3209	24	41	0.852431
3210	24	42	0.862516
3211	24	43	0.871505
3212	24	44	0.879397
3213	24	45	0.886193
3214	24	46	0.891893
3215	24	47	0.896495
3216	24	48	0.900002
3217	24	49	0.902411
3218	24	50	0.903725
3219	24	51	0.903942
3220	24	52	0.903062
3221	24	53	0.901086
3222	24	54	0.898013
3223	24	55	0.893844
3224	24	56	0.888578
3225	24	57	0.882216
3226	24	58	0.874757
3227	24	59	0.866202
3228	24	60	0.85655
3229	24	61	0.845802
3230	24	62	0.833957
3231	24	63	0.831981
3232	24	64	0.824273
3233	24	65	0.813187
3234	24	66	0.795931
3235	24	67	0.775899
3236	24	68	0.764115
3237	24	69	0.754073
3238	24	70	0.742593
3239	24	71	0.731109
3240	24	72	0.724711
3241	24	73	0.715295
3242	24	74	0.706897
3243	24	75	0.698529
3244	24	76	0.687568
3245	24	77	0.676049
3246	24	78	0.664251
3247	24	79	0.650607
3248	24	80	0.635192
3249	24	81	0.619906
3250	24	82	0.601799
3251	24	83	0.580011
3252	24	84	0.557232
3253	24	85	0.539538
3254	24	86	0.526235
3255	24	87	0.514627
3256	24	88	0.49789
3257	24	89	0.478555
3258	24	90	0.461972
3259	24	91	0.448593
3260	24	92	0.434597
3261	24	93	0.421868
3262	24	94	0.411964
3263	24	95	0.399744
3264	24	96	0.388388
3265	24	97	0.374704
3266	24	98	0.358646
3267	24	99	0.343699
3268	24	100	0.331201
3269	24	101	0.31817
3270	24	102	0.306405
3271	24	103	0.296977
3272	24	104	0.285562
3273	24	105	0.272567
3274	24	106	0.259655
3275	24	107	0.246671
3276	24	108	0.236364
3277	24	109	0.225475
3278	24	110	0.213686
3279	24	111	0.203531
3280	24	112	0.195441
3281	24	113	0.187482
3282	24	114	0.177576
3283	24	115	0.168799
3284	24	116	0.160648
3285	24	117	0.152458
3286	24	118	0.144262
3287	24	119	0.135293
3288	24	120	0.126346
3289	24	121	0.118842
3290	24	122	0.110187
3291	24	123	0.101884
3292	24	124	0.0923684
3293	24	125	0.0853169
3294	24	126	0.076303
3295	24	127	0.0688751
3296	24	128	0.0630333
3297	24	129	0.0587775
3298	24	130	0.0561078
3299	24	131	0.0550242
3300	25	0	0.0555266
3301	25	1	0.057615
3302	25	2	0.0612895
3303	25	3	0.0665501
3304	25	4	0.0733967
3305	25	5	0.0818293
3306	25	6	0.0900166
3307	25	7	0.100517
3308	25	8	0.112238
3309	25	9	0.124184
3310	25	10	0.137015
3311	25	11	0.151497
3312	25	12	0.168368
3313	25	13	0.18658
3314	25	14	0.206323
3315	25	15	0.22755
3316	25	16	0.248624
3317	25	17	0.27234
3318	25	18	0.301315
3319	25	19	0.331642
3320	25	20	0.359906
3321	25	21	0.389135
3322	25	22	0.419891
3323	25	23	0.450742
3324	25	24	0.484505
3325	25	25	0.515965
3326	25	26	0.545432
3327	25	27	0.576263
3328	25	28	0.606751
3329	25	29	0.632825
3330	25	30	0.655276
3331	25	31	0.677975
3332	25	32	0.699918
3333	25	33	0.721075
3334	25	34	0.743387
3335	25	35	0.763997
3336	25	36	0.780107
3337	25	37	0.793005
3338	25	38	0.815596
3339	25	39	0.828971
3340	25	40	0.841249
3341	25	41	0.852431
3342	25	42	0.862516
3343	25	43	0.871505
3344	25	44	0.879397
3345	25	45	0.886193
3346	25	46	0.891893
3347	25	47	0.896495
3348	25	48	0.900002
3349	25	49	0.902411
3350	25	50	0.903725
3351	25	51	0.903942
3352	25	52	0.903062
3353	25	53	0.901086
3354	25	54	0.898013
3355	25	55	0.893844
3356	25	56	0.888578
3357	25	57	0.882216
3358	25	58	0.874757
3359	25	59	0.866202
3360	25	60	0.85655
3361	25	61	0.845802
3362	25	62	0.833957
3363	25	63	0.831981
3364	25	64	0.824273
3365	25	65	0.813187
3366	25	66	0.795931
3367	25	67	0.775899
3368	25	68	0.764115
3369	25	69	0.754073
3370	25	70	0.742593
3371	25	71	0.731109
3372	25	72	0.724711
3373	25	73	0.715295
3374	25	74	0.706897
3375	25	75	0.698529
3376	25	76	0.687568
3377	25	77	0.676049
3378	25	78	0.664251
3379	25	79	0.650607
3380	25	80	0.635192
3381	25	81	0.619906
3382	25	82	0.601799
3383	25	83	0.580011
3384	25	84	0.557232
3385	25	85	0.539538
3386	25	86	0.526235
3387	25	87	0.514627
3388	25	88	0.49789
3389	25	89	0.478555
3390	25	90	0.461972
3391	25	91	0.448593
3392	25	92	0.434597
3393	25	93	0.421868
3394	25	94	0.411964
3395	25	95	0.399744
3396	25	96	0.388388
3397	25	97	0.374704
3398	25	98	0.358646
3399	25	99	0.343699
3400	25	100	0.331201
3401	25	101	0.31817
3402	25	102	0.306405
3403	25	103	0.296977
3404	25	104	0.285562
3405	25	105	0.272567
3406	25	106	0.259655
3407	25	107	0.246671
3408	25	108	0.236364
3409	25	109	0.225475
3410	25	110	0.213686
3411	25	111	0.203531
3412	25	112	0.195441
3413	25	113	0.187482
3414	25	114	0.177576
3415	25	115	0.168799
3416	25	116	0.160648
3417	25	117	0.152458
3418	25	118	0.144262
3419	25	119	0.135293
3420	25	120	0.126346
3421	25	121	0.118842
3422	25	122	0.110187
3423	25	123	0.101884
3424	25	124	0.0923684
3425	25	125	0.0837371
3426	25	126	0.0769511
3427	25	127	0.0704064
3428	25	128	0.063893
3429	25	129	0.0590453
3430	25	130	0.0560699
3431	25	131	0.0525079
