0	0	0	0.901122
1	0	1	0.908255
2	0	2	0.915539
3	0	3	0.923742
4	0	4	0.932879
5	0	5	0.944399
6	0	6	0.955773
7	0	7	0.966947
8	0	8	0.976395
9	0	9	0.984505
10	0	10	0.990463
11	0	11	0.995517
12	0	12	0.997982
13	0	13	0.999972
14	0	14	0.998945
15	0	15	0.997487
16	0	16	0.993357
17	0	17	0.988407
18	0	18	0.981214
19	0	19	0.972771
20	0	20	0.962521
21	0	21	0.950588
22	0	22	0.937274
23	0	23	0.921846
24	0	24	0.905468
25	0	25	0.886551
26	0	26	0.867116
27	0	27	0.844705
28	0	28	0.823584
29	0	29	0.813309
30	0	30	0.800666
31	0	31	0.78105
32	0	32	0.762559
33	0	33	0.745796
34	0	34	0.729606
35	0	35	0.713913
36	0	36	0.690263
37	0	37	0.662801
38	0	38	0.63563
39	0	39	0.608524
40	0	40	0.588933
41	0	41	0.569955
42	0	42	0.553549
43	0	43	0.537143
44	0	44	0.520737
45	0	45	0.507857
46	0	46	0.500724
47	0	47	0.501583
48	0	48	0.509786
49	0	49	0.517045
50	0	50	0.523821
51	0	51	0.52573
52	0	52	0.526443
53	0	53	0.523454
54	0	54	0.520546
55	0	55	0.520902
56	0	56	0.520134
57	0	57	0.515497
58	0	58	0.510208
59	0	59	0.503788
60	0	60	0.503878
61	0	61	0.510298
62	0	62	0.517873
63	0	63	0.526076
64	0	64	0.528653
65	0	65	0.529723
66	0	66	0.531125
67	0	67	0.5323
68	0	68	0.53016
69	0	69	0.526212
70	0	70	0.515512
71	0	71	0.504436
72	0	72	0.492666
73	0	73	0.481248
74	0	74	0.470192
75	0	75	0.46117
76	0	76	0.453324
77	0	77	0.439123
78	0	78	0.423073
79	0	79	0.411269
80	0	80	0.400639
81	0	81	0.403136
82	0	82	0.404156
83	0	83	0.399162
84	0	84	0.392602
85	0	85	0.382972
86	0	86	0.371805
87	0	87	0.358966
88	0	88	0.342369
89	0	89	0.323466
90	0	90	0.305106
91	0	91	0.286917
92	0	92	0.268727
93	0	93	0.250598
94	0	94	0.233835
95	0	95	0.218313
96	0	96	0.208327
97	0	97	0.199958
98	0	98	0.194965
99	0	99	0.191464
100	0	100	0.18968
101	0	101	0.184441
102	0	102	0.176951
103	0	103	0.166533
104	0	104	0.15512
105	0	105	0.149087
106	0	106	0.143838
107	0	107	0.142054
108	0	108	0.14015
109	0	109	0.137654
110	0	110	0.136594
111	0	111	0.138734
112	0	112	0.146042
113	0	113	0.15965
114	0	114	0.160483
115	0	115	0.152496
116	0	116	0.145218
117	0	117	0.138199
118	0	118	0.132026
119	0	119	0.12599
120	0	120	0.120909
121	0	121	0.115978
122	0	122	0.111865
123	0	123	0.10804
124	0	124	0.104896
125	0	125	0.102175
126	0	126	0.1
127	0	127	0.0983851
128	0	128	0.0971789
129	0	129	0.0966687
130	0	130	0.0964316
131	0	131	0.0518505
132	1	0	0.104277
133	1	1	0.107689
134	1	2	0.112902
135	1	3	0.110354
136	1	4	0.111281
137	1	5	0.119281
138	1	6	0.131042
139	1	7	0.135056
140	1	8	0.1343
141	1	9	0.132441
142	1	10	0.125191
143	1	11	0.125191
144	1	12	0.124805
145	1	13	0.121713
146	1	14	0.130528
147	1	15	0.148033
148	1	16	0.168957
149	1	17	0.190487
150	1	18	0.202929
151	1	19	0.216266
152	1	20	0.250082
153	1	21	0.283689
154	1	22	0.308144
155	1	23	0.341419
156	1	24	0.374866
157	1	25	0.399053
158	1	26	0.425994
159	1	27	0.45352
160	1	28	0.484089
161	1	29	0.507944
162	1	30	0.529184
163	1	31	0.549524
164	1	32	0.552889
165	1	33	0.560177
166	1	34	0.5686
167	1	35	0.560798
168	1	36	0.559341
169	1	37	0.566939
170	1	38	0.566531
171	1	39	0.558826
172	1	40	0.545645
173	1	41	0.539349
174	1	42	0.543587
175	1	43	0.553897
176	1	44	0.57503
177	1	45	0.596618
178	1	46	0.612709
179	1	47	0.624026
180	1	48	0.635407
181	1	49	0.65206
182	1	50	0.670772
183	1	51	0.691331
184	1	52	0.709737
185	1	53	0.724285
186	1	54	0.733238
187	1	55	0.740831
188	1	56	0.743794
189	1	57	0.735344
190	1	58	0.729445
191	1	59	0.734428
192	1	60	0.740729
193	1	61	0.750176
194	1	62	0.767564
195	1	63	0.782042
196	1	64	0.798877
197	1	65	0.82627
198	1	66	0.865872
199	1	67	0.910066
200	1	68	0.945368
201	1	69	0.97178
202	1	70	0.9893
203	1	71	0.997928
204	1	72	0.997666
205	1	73	0.988512
206	1	74	0.970465
207	1	75	0.943526
208	1	76	0.907698
209	1	77	0.862977
210	1	78	0.820464
211	1	79	0.780348
212	1	80	0.747588
213	1	81	0.721375
214	1	82	0.701871
215	1	83	0.701759
216	1	84	0.719125
217	1	85	0.717989
218	1	86	0.696363
219	1	87	0.674903
220	1	88	0.657076
221	1	89	0.63568
222	1	90	0.620843
223	1	91	0.610641
224	1	92	0.593269
225	1	93	0.578582
226	1	94	0.56143
227	1	95	0.544225
228	1	96	0.535035
229	1	97	0.544734
230	1	98	0.560937
231	1	99	0.56778
232	1	100	0.573487
233	1	101	0.577194
234	1	102	0.566928
235	1	103	0.555434
236	1	104	0.539172
237	1	105	0.512916
238	1	106	0.486114
239	1	107	0.452866
240	1	108	0.417368
241	1	109	0.382903
242	1	110	0.356948
243	1	111	0.341639
244	1	112	0.323898
245	1	113	0.307185
246	1	114	0.299346
247	1	115	0.296629
248	1	116	0.291384
249	1	117	0.278786
250	1	118	0.265878
251	1	119	0.253688
252	1	120	0.241573
253	1	121	0.228161
254	1	122	0.225734
255	1	123	0.223649
256	1	124	0.218854
257	1	125	0.212489
258	1	126	0.189558
259	1	127	0.170094
260	1	128	0.155253
261	1	129	0.145036
262	1	130	0.139443
263	1	131	0.138473
264	1	132	0.105653
265	2	0	0.11065
266	2	1	0.117801
267	2	2	0.127107
268	2	3	0.138568
269	2	4	0.152183
270	2	5	0.168261
271	2	6	0.177535
272	2	7	0.191528
273	2	8	0.210791
274	2	9	0.233351
275	2	10	0.256581
276	2	11	0.282823
277	2	12	0.30806
278	2	13	0.329187
279	2	14	0.347398
280	2	15	0.365131
281	2	16	0.376746
282	2	17	0.381479
283	2	18	0.394241
284	2	19	0.416037
285	2	20	0.442421
286	2	21	0.464791
287	2	22	0.481998
288	2	23	0.499206
289	2	24	0.517847
290	2	25	0.537922
291	2	26	0.559432
292	2	27	0.587824
293	2	28	0.611628
294	2	29	0.623099
295	2	30	0.628309
296	2	31	0.636769
297	2	32	0.658279
298	2	33	0.673335
299	2	34	0.679692
300	2	35	0.695275
301	2	36	0.72381
302	2	37	0.760638
303	2	38	0.806444
304	2	39	0.844434
305	2	40	0.878066
306	2	41	0.907755
307	2	42	0.933503
308	2	43	0.955314
309	2	44	0.972057
310	2	45	0.984855
311	2	46	0.993713
312	2	47	0.998631
313	2	48	0.999608
314	2	49	0.996081
315	2	50	0.988049
316	2	51	0.976075
317	2	52	0.96016
318	2	53	0.941247
319	2	54	0.921695
320	2	55	0.900616
321	2	56	0.890244
322	2	57	0.874088
323	2	58	0.842254
324	2	59	0.794361
325	2	60	0.755644
326	2	61	0.745989
327	2	62	0.763196
328	2	63	0.795078
329	2	64	0.822466
330	2	65	0.820745
331	2	66	0.787621
332	2	67	0.763865
333	2	68	0.751629
334	2	69	0.743599
335	2	70	0.730072
336	2	71	0.718457
337	2	72	0.732844
338	2	73	0.760519
339	2	74	0.782507
340	2	75	0.789963
341	2	76	0.793405
342	2	77	0.767163
343	2	78	0.720178
344	2	79	0.688057
345	2	80	0.67845
346	2	81	0.678593
347	2	82	0.662676
348	2	83	0.644465
349	2	84	0.628261
350	2	85	0.610528
351	2	86	0.588971
352	2	87	0.565741
353	2	88	0.533477
354	2	89	0.516604
355	2	90	0.504607
356	2	91	0.491271
357	2	92	0.475498
358	2	93	0.467755
359	2	94	0.446245
360	2	95	0.419861
361	2	96	0.395722
362	2	97	0.375791
363	2	98	0.353851
364	2	99	0.332342
365	2	100	0.317859
366	2	101	0.307534
367	2	102	0.304667
368	2	103	0.313653
369	2	104	0.325698
370	2	105	0.331242
371	2	106	0.337122
372	2	107	0.342045
373	2	108	0.343718
374	2	109	0.340707
375	2	110	0.335975
376	2	111	0.328566
377	2	112	0.319197
378	2	113	0.308729
379	2	114	0.297401
380	2	115	0.281484
381	2	116	0.260214
382	2	117	0.231392
383	2	118	0.198937
384	2	119	0.168441
385	2	120	0.145642
386	2	121	0.121551
387	2	122	0.0995714
388	2	123	0.0867718
389	2	124	0.0812246
390	2	125	0.0765886
391	2	126	0.0729931
392	2	127	0.0704389
393	2	128	0.0687951
394	2	129	0.0680624
395	2	130	0.0556354
396	2	131	0.0504984
397	3	0	0.05216
398	3	1	0.0545007
399	3	2	0.0575205
400	3	3	0.0612197
401	3	4	0.0655982
402	3	5	0.0707033
403	3	6	0.0705802
404	3	7	0.0730196
405	3	8	0.0779866
406	3	9	0.0849033
407	3	10	0.0932851
408	3	11	0.103089
409	3	12	0.114299
410	3	13	0.126328
411	3	14	0.137773
412	3	15	0.148778
413	3	16	0.161921
414	3	17	0.185323
415	3	18	0.215325
416	3	19	0.245054
417	3	20	0.276052
418	3	21	0.311355
419	3	22	0.351201
420	3	23	0.392614
421	3	24	0.431822
422	3	25	0.472022
423	3	26	0.516505
424	3	27	0.567214
425	3	28	0.622239
426	3	29	0.667795
427	3	30	0.706971
428	3	31	0.74121
429	3	32	0.781966
430	3	33	0.841197
431	3	34	0.875133
432	3	35	0.904713
433	3	36	0.930392
434	3	37	0.95217
435	3	38	0.970046
436	3	39	0.98402
437	3	40	0.993232
438	3	41	0.998357
439	3	42	0.999584
440	3	43	0.996909
441	3	44	0.990332
442	3	45	0.979766
443	3	46	0.964342
444	3	47	0.945018
445	3	48	0.921837
446	3	49	0.90016
447	3	50	0.88621
448	3	51	0.877988
449	3	52	0.859217
450	3	53	0.839157
451	3	54	0.821471
452	3	55	0.808705
453	3	56	0.801617
454	3	57	0.793079
455	3	58	0.770484
456	3	59	0.749368
457	3	60	0.731783
458	3	61	0.715684
459	3	62	0.697798
460	3	63	0.684832
461	3	64	0.667734
462	3	65	0.649517
463	3	66	0.634668
464	3	67	0.624311
465	3	68	0.61008
466	3	69	0.588161
467	3	70	0.565302
468	3	71	0.552138
469	3	72	0.549226
470	3	73	0.548419
471	3	74	0.533556
472	3	75	0.517822
473	3	76	0.508489
474	3	77	0.505921
475	3	78	0.506873
476	3	79	0.505776
477	3	80	0.498819
478	3	81	0.485861
479	3	82	0.467827
480	3	83	0.452462
481	3	84	0.444524
482	3	85	0.440526
483	3	86	0.425663
484	3	87	0.408246
485	3	88	0.393992
486	3	89	0.383144
487	3	90	0.372334
488	3	91	0.355257
489	3	92	0.331478
490	3	93	0.309585
491	3	94	0.292847
492	3	95	0.281344
493	3	96	0.273258
494	3	97	0.268514
495	3	98	0.260324
496	3	99	0.251565
497	3	100	0.243633
498	3	101	0.237111
499	3	102	0.231938
500	3	103	0.229724
501	3	104	0.225082
502	3	105	0.217179
503	3	106	0.207555
504	3	107	0.199075
505	3	108	0.195257
506	3	109	0.188932
507	3	110	0.180588
508	3	111	0.173033
509	3	112	0.166273
510	3	113	0.159159
511	3	114	0.151253
512	3	115	0.143649
513	3	116	0.134179
514	3	117	0.124059
515	3	118	0.114752
516	3	119	0.107127
517	3	120	0.0992212
518	3	121	0.0918838
519	3	122	0.0833047
520	3	123	0.0747372
521	3	124	0.0686794
522	3	125	0.0675751
523	3	126	0.0639782
524	3	127	0.0613488
525	3	128	0.0596238
526	3	129	0.058803
527	3	130	0.048454
528	4	0	0.0669368
529	4	1	0.0709362
530	4	2	0.0772634
531	4	3	0.0859179
532	4	4	0.0969003
533	4	5	0.110598
534	4	6	0.129233
535	4	7	0.152525
536	4	8	0.167831
537	4	9	0.186348
538	4	10	0.213642
539	4	11	0.249285
540	4	12	0.29927
541	4	13	0.336412
542	4	14	0.371412
543	4	15	0.421826
544	4	16	0.476093
545	4	17	0.530038
546	4	18	0.593189
547	4	19	0.655055
548	4	20	0.695729
549	4	21	0.726341
550	4	22	0.757381
551	4	23	0.788742
552	4	24	0.822459
553	4	25	0.857031
554	4	26	0.88775
555	4	27	0.917506
556	4	28	0.943194
557	4	29	0.953977
558	4	30	0.974112
559	4	31	0.988603
560	4	32	0.997444
561	4	33	0.999698
562	4	34	0.996305
563	4	35	0.987264
564	4	36	0.972578
565	4	37	0.951304
566	4	38	0.92438
567	4	39	0.911112
568	4	40	0.908087
569	4	41	0.913653
570	4	42	0.899738
571	4	43	0.878117
572	4	44	0.855425
573	4	45	0.830486
574	4	46	0.834232
575	4	47	0.839905
576	4	48	0.837015
577	4	49	0.826633
578	4	50	0.805761
579	4	51	0.783605
580	4	52	0.756525
581	4	53	0.733833
582	4	54	0.716494
583	4	55	0.69787
584	4	56	0.659765
585	4	57	0.6253
586	4	58	0.591048
587	4	59	0.568999
588	4	60	0.555299
589	4	61	0.539779
590	4	62	0.528112
591	4	63	0.509702
592	4	64	0.495359
593	4	65	0.482515
594	4	66	0.473952
595	4	67	0.467958
596	4	68	0.464105
597	4	69	0.459716
598	4	70	0.454472
599	4	71	0.446016
600	4	72	0.441413
601	4	73	0.443233
602	4	74	0.439273
603	4	75	0.433064
604	4	76	0.427713
605	4	77	0.423431
606	4	78	0.415083
607	4	79	0.403523
608	4	80	0.395174
609	4	81	0.391535
610	4	82	0.375908
611	4	83	0.355464
612	4	84	0.344653
613	4	85	0.336198
614	4	86	0.32817
615	4	87	0.318537
616	4	88	0.30398
617	4	89	0.29713
618	4	90	0.293062
619	4	91	0.290601
620	4	92	0.289851
621	4	93	0.281181
622	4	94	0.286426
623	4	95	0.286854
624	4	96	0.277435
625	4	97	0.265875
626	4	98	0.253031
627	4	99	0.236976
628	4	100	0.217496
629	4	101	0.204223
630	4	102	0.200584
631	4	103	0.187954
632	4	104	0.161837
633	4	105	0.150813
634	4	106	0.145354
635	4	107	0.146959
636	4	108	0.149421
637	4	109	0.14332
638	4	110	0.142785
639	4	111	0.136791
640	4	112	0.134436
641	4	113	0.124589
642	4	114	0.11517
643	4	115	0.106072
644	4	116	0.0946191
645	4	117	0.0799553
646	4	118	0.0693588
647	4	119	0.0639
648	4	120	0.0569427
649	4	121	0.0535176
650	4	122	0.048594
651	4	123	0.0465603
652	4	124	0.0419578
653	4	125	0.0387467
654	4	126	0.0422637
655	4	127	0.0394396
656	4	128	0.0331208
657	4	129	0.0286194
658	4	130	0.0256758
659	4	131	0.0242899
660	5	0	0.0697419
661	5	1	0.0742099
662	5	2	0.0820874
663	5	3	0.0933742
664	5	4	0.10807
665	5	5	0.123906
666	5	6	0.139044
667	5	7	0.153525
668	5	8	0.157945
669	5	9	0.154135
670	5	10	0.153506
671	5	11	0.148716
672	5	12	0.139931
673	5	13	0.141559
674	5	14	0.143445
675	5	15	0.132441
676	5	16	0.118773
677	5	17	0.113539
678	5	18	0.129389
679	5	19	0.160424
680	5	20	0.19205
681	5	21	0.214447
682	5	22	0.22989
683	5	23	0.258834
684	5	24	0.303277
685	5	25	0.34182
686	5	26	0.375037
687	5	27	0.417297
688	5	28	0.46862
689	5	29	0.497971
690	5	30	0.520331
691	5	31	0.55266
692	5	32	0.590464
693	5	33	0.632299
694	5	34	0.671323
695	5	35	0.700692
696	5	36	0.733169
697	5	37	0.761762
698	5	38	0.782661
699	5	39	0.803523
700	5	40	0.828306
701	5	41	0.852997
702	5	42	0.875986
703	5	43	0.901305
704	5	44	0.917118
705	5	45	0.916434
706	5	46	0.916045
707	5	47	0.920669
708	5	48	0.91893
709	5	49	0.899326
710	5	50	0.881719
711	5	51	0.871491
712	5	52	0.8623
713	5	53	0.848077
714	5	54	0.83071
715	5	55	0.842048
716	5	56	0.868403
717	5	57	0.875708
718	5	58	0.869143
719	5	59	0.87175
720	5	60	0.899511
721	5	61	0.924294
722	5	62	0.922112
723	5	63	0.905947
724	5	64	0.895849
725	5	65	0.907149
726	5	66	0.921594
727	5	67	0.937721
728	5	68	0.959286
729	5	69	0.976623
730	5	70	0.973439
731	5	71	0.988381
732	5	72	0.997202
733	5	73	0.999902
734	5	74	0.99648
735	5	75	0.986938
736	5	76	0.971276
737	5	77	0.949492
738	5	78	0.921588
739	5	79	0.887562
740	5	80	0.847094
741	5	81	0.803461
742	5	82	0.776299
743	5	83	0.752404
744	5	84	0.730062
745	5	85	0.706722
746	5	86	0.685712
747	5	87	0.657489
748	5	88	0.631485
749	5	89	0.613194
750	5	90	0.588133
751	5	91	0.552919
752	5	92	0.512601
753	5	93	0.476221
754	5	94	0.452012
755	5	95	0.431945
756	5	96	0.404369
757	5	97	0.376368
758	5	98	0.346962
759	5	99	0.314929
760	5	100	0.278679
761	5	101	0.238212
762	5	102	0.202407
763	5	103	0.181341
764	5	104	0.165343
765	5	105	0.14609
766	5	106	0.138082
767	5	107	0.142428
768	5	108	0.137601
769	5	109	0.130924
770	5	110	0.132644
771	5	111	0.13577
772	5	112	0.14622
773	5	113	0.164603
774	5	114	0.178326
775	5	115	0.185354
776	5	116	0.18099
777	5	117	0.163623
778	5	118	0.147366
779	5	119	0.135308
780	5	120	0.121843
781	5	121	0.10518
782	5	122	0.0910312
783	5	123	0.0755696
784	5	124	0.0553046
785	5	125	0.0395172
786	5	126	0.0287798
787	5	127	0.0200196
788	5	128	0.0132366
789	5	129	0.00843056
790	5	130	0.00560167
791	5	131	0.0047499
792	6	0	0.006089
793	6	1	0.00958362
794	6	2	0.0152352
795	6	3	0.0230435
796	6	4	0.0288804
797	6	5	0.0344634
798	6	6	0.0472674
799	6	7	0.0528069
800	6	8	0.0542061
801	6	9	0.0556054
802	6	10	0.0566979
803	6	11	0.0546087
804	6	12	0.0661284
805	6	13	0.0776482
806	6	14	0.0802741
807	6	15	0.0904522
808	6	16	0.0952633
809	6	17	0.0928481
810	6	18	0.0992501
811	6	19	0.116654
812	6	20	0.13563
813	6	21	0.152498
814	6	22	0.175001
815	6	23	0.182016
816	6	24	0.199995
817	6	25	0.231929
818	6	26	0.250253
819	6	27	0.273772
820	6	28	0.296677
821	6	29	0.303117
822	6	30	0.313621
823	6	31	0.319889
824	6	32	0.323588
825	6	33	0.322592
826	6	34	0.313161
827	6	35	0.298766
828	6	36	0.287515
829	6	37	0.288243
830	6	38	0.291425
831	6	39	0.310976
832	6	40	0.347701
833	6	41	0.370396
834	6	42	0.39539
835	6	43	0.44584
836	6	44	0.504339
837	6	45	0.568417
838	6	46	0.610835
839	6	47	0.647215
840	6	48	0.711312
841	6	49	0.760189
842	6	50	0.813284
843	6	51	0.892216
844	6	52	0.957578
845	6	53	0.98695
846	6	54	0.993509
847	6	55	0.997826
848	6	56	0.999903
849	6	57	0.999654
850	6	58	0.997051
851	6	59	0.992209
852	6	60	0.985124
853	6	61	0.975799
854	6	62	0.964233
855	6	63	0.950425
856	6	64	0.912372
857	6	65	0.908911
858	6	66	0.938678
859	6	67	0.944908
860	6	68	0.904598
861	6	69	0.87347
862	6	70	0.865496
863	6	71	0.847268
864	6	72	0.77284
865	6	73	0.697473
866	6	74	0.71319
867	6	75	0.742708
868	6	76	0.719247
869	6	77	0.687141
870	6	78	0.668185
871	6	79	0.661112
872	6	80	0.645452
873	6	81	0.634085
874	6	82	0.629888
875	6	83	0.612483
876	6	84	0.579745
877	6	85	0.534663
878	6	86	0.504914
879	6	87	0.505739
880	6	88	0.499701
881	6	89	0.483466
882	6	90	0.480495
883	6	91	0.495235
884	6	92	0.495216
885	6	93	0.487913
886	6	94	0.491957
887	6	95	0.492781
888	6	96	0.498666
889	6	97	0.479211
890	6	98	0.452702
891	6	99	0.44214
892	6	100	0.423145
893	6	101	0.391154
894	6	102	0.354103
895	6	103	0.332693
896	6	104	0.313161
897	6	105	0.293725
898	6	106	0.278889
899	6	107	0.241992
900	6	108	0.210461
901	6	109	0.178202
902	6	110	0.150543
903	6	111	0.150083
904	6	112	0.157366
905	6	113	0.14692
906	6	114	0.118226
907	6	115	0.099921
908	6	116	0.108834
909	6	117	0.118686
910	6	118	0.122136
911	6	119	0.128692
912	6	120	0.133407
913	6	121	0.128826
914	6	122	0.108757
915	6	123	0.087117
916	6	124	0.0834943
917	6	125	0.0831685
918	6	126	0.0781699
919	6	127	0.0601811
920	6	128	0.0372245
921	6	129	0.0199006
922	6	130	0.00820936
923	6	131	0.00215085
924	6	132	0.00115661
925	7	0	0.00424118
926	7	1	0.0102997
927	7	2	0.0193324
928	7	3	0.0313389
929	7	4	0.0463195
930	7	5	0.0642741
931	7	6	0.0726837
932	7	7	0.0848947
933	7	8	0.0887115
934	7	9	0.0884031
935	7	10	0.0888465
936	7	11	0.0983114
937	7	12	0.120904
938	7	13	0.139332
939	7	14	0.136364
940	7	15	0.118822
941	7	16	0.106947
942	7	17	0.113848
943	7	18	0.122369
944	7	19	0.122908
945	7	20	0.131005
946	7	21	0.152672
947	7	22	0.181625
948	7	23	0.203871
949	7	24	0.206685
950	7	25	0.202213
951	7	26	0.210251
952	7	27	0.229624
953	7	28	0.24547
954	7	29	0.254299
955	7	30	0.267253
956	7	31	0.287609
957	7	32	0.30916
958	7	33	0.331483
959	7	34	0.355482
960	7	35	0.3742
961	7	36	0.386171
962	7	37	0.410402
963	7	38	0.446815
964	7	39	0.48855
965	7	40	0.524327
966	7	41	0.550968
967	7	42	0.579883
968	7	43	0.60475
969	7	44	0.631275
970	7	45	0.65618
971	7	46	0.662869
972	7	47	0.665587
973	7	48	0.689124
974	7	49	0.710425
975	7	50	0.719736
976	7	51	0.714704
977	7	52	0.711292
978	7	53	0.727157
979	7	54	0.742791
980	7	55	0.755648
981	7	56	0.779436
982	7	57	0.817449
983	7	58	0.851897
984	7	59	0.875549
985	7	60	0.8918
986	7	61	0.896869
987	7	62	0.898932
988	7	63	0.904002
989	7	64	0.90404
990	7	65	0.894402
991	7	66	0.884764
992	7	67	0.893284
993	7	68	0.909631
994	7	69	0.902383
995	7	70	0.889294
996	7	71	0.901997
997	7	72	0.916898
998	7	73	0.919385
999	7	74	0.923721
1000	7	75	0.934825
1001	7	76	0.951552
1002	7	77	0.965079
1003	7	78	0.9754
1004	7	79	0.982518
1005	7	80	0.986443
1006	7	81	0.987163
1007	7	82	0.984684
1008	7	83	0.979001
1009	7	84	0.970126
1010	7	85	0.958046
1011	7	86	0.942759
1012	7	87	0.924283
1013	7	88	0.985846
1014	7	89	0.999422
1015	7	90	0.984983
1016	7	91	0.976945
1017	7	92	0.953697
1018	7	93	0.910517
1019	7	94	0.8742
1020	7	95	0.853959
1021	7	96	0.85342
1022	7	97	0.844938
1023	7	98	0.814885
1024	7	99	0.773074
1025	7	100	0.723167
1026	7	101	0.679621
1027	7	102	0.662194
1028	7	103	0.647467
1029	7	104	0.616431
1030	7	105	0.592837
1031	7	106	0.585974
1032	7	107	0.573213
1033	7	108	0.539247
1034	7	109	0.494911
1035	7	110	0.457051
1036	7	111	0.425553
1037	7	112	0.400281
1038	7	113	0.384956
1039	7	114	0.363675
1040	7	115	0.323926
1041	7	116	0.279031
1042	7	117	0.243041
1043	7	118	0.2127
1044	7	119	0.184671
1045	7	120	0.168999
1046	7	121	0.164739
1047	7	122	0.164006
1048	7	123	0.155908
1049	7	124	0.141873
1050	7	125	0.130609
1051	7	126	0.121287
1052	7	127	0.113906
1053	7	128	0.108466
1054	7	129	0.104967
1055	7	130	0.10105
1056	7	131	0.0504691
1057	8	0	0.0515236
1058	8	1	0.0533572
1059	8	2	0.0559698
1060	8	3	0.0593614
1061	8	4	0.0635321
1062	8	5	0.0727567
1063	8	6	0.0861528
1064	8	7	0.0923455
1065	8	8	0.0947263
1066	8	9	0.100256
1067	8	10	0.118847
1068	8	11	0.141986
1069	8	12	0.160058
1070	8	13	0.17788
1071	8	14	0.200963
1072	8	15	0.231495
1073	8	16	0.269257
1074	8	17	0.309655
1075	8	18	0.345417
1076	8	19	0.374293
1077	8	20	0.405919
1078	8	21	0.445418
1079	8	22	0.486985
1080	8	23	0.52809
1081	8	24	0.568008
1082	8	25	0.60705
1083	8	26	0.647524
1084	8	27	0.685124
1085	8	28	0.712037
1086	8	29	0.724441
1087	8	30	0.734033
1088	8	31	0.747999
1089	8	32	0.776594
1090	8	33	0.82371
1091	8	34	0.877094
1092	8	35	0.912762
1093	8	36	0.920719
1094	8	37	0.94528
1095	8	38	0.965005
1096	8	39	0.980317
1097	8	40	0.991216
1098	8	41	0.997698
1099	8	42	0.999766
1100	8	43	0.997422
1101	8	44	0.990663
1102	8	45	0.979487
1103	8	46	0.963899
1104	8	47	0.94339
1105	8	48	0.918379
1106	8	49	0.888955
1107	8	50	0.875841
1108	8	51	0.875926
1109	8	52	0.873989
1110	8	53	0.858104
1111	8	54	0.828285
1112	8	55	0.800815
1113	8	56	0.780906
1114	8	57	0.766596
1115	8	58	0.750749
1116	8	59	0.73164
1117	8	60	0.709831
1118	8	61	0.695197
1119	8	62	0.687567
1120	8	63	0.671064
1121	8	64	0.637639
1122	8	65	0.599664
1123	8	66	0.567958
1124	8	67	0.549898
1125	8	68	0.551673
1126	8	69	0.572582
1127	8	70	0.593997
1128	8	71	0.602064
1129	8	72	0.598683
1130	8	73	0.591728
1131	8	74	0.581424
1132	8	75	0.571469
1133	8	76	0.564952
1134	8	77	0.562584
1135	8	78	0.565464
1136	8	79	0.568982
1137	8	80	0.566839
1138	8	81	0.553223
1139	8	82	0.526203
1140	8	83	0.493259
1141	8	84	0.468926
1142	8	85	0.455828
1143	8	86	0.448661
1144	8	87	0.43442
1145	8	88	0.409599
1146	8	89	0.382542
1147	8	90	0.361146
1148	8	91	0.347423
1149	8	92	0.341712
1150	8	93	0.342937
1151	8	94	0.337038
1152	8	95	0.325065
1153	8	96	0.311355
1154	8	97	0.295595
1155	8	98	0.279623
1156	8	99	0.265276
1157	8	100	0.255103
1158	8	101	0.250979
1159	8	102	0.247904
1160	8	103	0.24348
1161	8	104	0.238343
1162	8	105	0.225371
1163	8	106	0.206962
1164	8	107	0.190877
1165	8	108	0.179954
1166	8	109	0.171981
1167	8	110	0.165644
1168	8	111	0.164782
1169	8	112	0.172393
1170	8	113	0.172393
1171	8	114	0.165769
1172	8	115	0.158971
1173	8	116	0.15136
1174	8	117	0.143449
1175	8	118	0.136644
1176	8	119	0.131788
1177	8	120	0.129
1178	8	121	0.1278
1179	8	122	0.116687
1180	8	123	0.106964
1181	8	124	0.0985317
1182	8	125	0.0913898
1183	8	126	0.0855386
1184	8	127	0.0809782
1185	8	128	0.0777085
1186	8	129	0.0757292
1187	8	130	0.0670179
1188	9	0	0.0846382
1189	9	1	0.0877939
1190	9	2	0.0932548
1191	9	3	0.0982282
1192	9	4	0.101131
1193	9	5	0.107232
1194	9	6	0.111507
1195	9	7	0.112137
1196	9	8	0.120429
1197	9	9	0.137759
1198	9	10	0.15978
1199	9	11	0.18451
1200	9	12	0.209045
1201	9	13	0.226364
1202	9	14	0.234719
1203	9	15	0.24527
1204	9	16	0.260268
1205	9	17	0.278594
1206	9	18	0.301087
1207	9	19	0.315301
1208	9	20	0.323922
1209	9	21	0.33512
1210	9	22	0.344793
1211	9	23	0.360308
1212	9	24	0.378152
1213	9	25	0.396474
1214	9	26	0.431773
1215	9	27	0.456821
1216	9	28	0.467886
1217	9	29	0.47828
1218	9	30	0.485632
1219	9	31	0.491424
1220	9	32	0.490204
1221	9	33	0.490655
1222	9	34	0.502454
1223	9	35	0.522605
1224	9	36	0.565633
1225	9	37	0.625341
1226	9	38	0.696837
1227	9	39	0.74399
1228	9	40	0.796559
1229	9	41	0.852563
1230	9	42	0.887519
1231	9	43	0.917026
1232	9	44	0.94108
1233	9	45	0.959683
1234	9	46	0.972836
1235	9	47	0.980301
1236	9	48	0.981992
1237	9	49	0.978228
1238	9	50	0.96901
1239	9	51	0.954343
1240	9	52	0.981931
1241	9	53	0.999437
1242	9	54	1
1243	9	55	0.982464
1244	9	56	0.949938
1245	9	57	0.918048
1246	9	58	0.900987
1247	9	59	0.883182
1248	9	60	0.86458
1249	9	61	0.822251
1250	9	62	0.772245
1251	9	63	0.747819
1252	9	64	0.71768
1253	9	65	0.692243
1254	9	66	0.676281
1255	9	67	0.656836
1256	9	68	0.646824
1257	9	69	0.643139
1258	9	70	0.625771
1259	9	71	0.59508
1260	9	72	0.584218
1261	9	73	0.587724
1262	9	74	0.586224
1263	9	75	0.588486
1264	9	76	0.588399
1265	9	77	0.584525
1266	9	78	0.581533
1267	9	79	0.571916
1268	9	80	0.562515
1269	9	81	0.560295
1270	9	82	0.562123
1271	9	83	0.551076
1272	9	84	0.533079
1273	9	85	0.532411
1274	9	86	0.532331
1275	9	87	0.523472
1276	9	88	0.518997
1277	9	89	0.507817
1278	9	90	0.492931
1279	9	91	0.491148
1280	9	92	0.484876
1281	9	93	0.464677
1282	9	94	0.443967
1283	9	95	0.425127
1284	9	96	0.408441
1285	9	97	0.394859
1286	9	98	0.38908
1287	9	99	0.392709
1288	9	100	0.396121
1289	9	101	0.385647
1290	9	102	0.365
1291	9	103	0.345604
1292	9	104	0.32581
1293	9	105	0.307463
1294	9	106	0.291396
1295	9	107	0.277569
1296	9	108	0.265386
1297	9	109	0.24649
1298	9	110	0.221966
1299	9	111	0.203759
1300	9	112	0.188656
1301	9	113	0.181769
1302	9	114	0.180098
1303	9	115	0.176144
1304	9	116	0.171023
1305	9	117	0.160601
1306	9	118	0.145859
1307	9	119	0.132536
1308	9	120	0.119101
1309	9	121	0.105522
1310	9	122	0.093566
1311	9	123	0.0823719
1312	9	124	0.0635068
1313	9	125	0.0538148
1314	9	126	0.0458946
1315	9	127	0.0394625
1316	9	128	0.0345187
1317	9	129	0.0310631
1318	9	130	0.0290957
1319	9	131	0.0286166
1320	10	0	0.0350449
1321	10	1	0.0376924
1322	10	2	0.041761
1323	10	3	0.0471792
1324	10	4	0.0509655
1325	10	5	0.0574416
1326	10	6	0.0607665
1327	10	7	0.0651956
1328	10	8	0.0801784
1329	10	9	0.0968939
1330	10	10	0.109036
1331	10	11	0.122414
1332	10	12	0.144807
1333	10	13	0.176171
1334	10	14	0.202224
1335	10	15	0.225449
1336	10	16	0.249517
1337	10	17	0.274094
1338	10	18	0.308746
1339	10	19	0.340882
1340	10	20	0.358098
1341	10	21	0.377725
1342	10	22	0.405863
1343	10	23	0.437594
1344	10	24	0.472038
1345	10	25	0.509092
1346	10	26	0.538173
1347	10	27	0.562183
1348	10	28	0.596284
1349	10	29	0.637556
1350	10	30	0.674461
1351	10	31	0.711201
1352	10	32	0.752605
1353	10	33	0.791528
1354	10	34	0.827854
1355	10	35	0.865863
1356	10	36	0.896139
1357	10	37	0.919884
1358	10	38	0.948485
1359	10	39	0.968369
1360	10	40	0.969737
1361	10	41	0.967291
1362	10	42	0.977274
1363	10	43	0.985436
1364	10	44	0.991781
1365	10	45	0.996308
1366	10	46	0.999015
1367	10	47	0.999901
1368	10	48	0.998969
1369	10	49	0.99622
1370	10	50	0.991651
1371	10	51	0.985261
1372	10	52	0.977051
1373	10	53	0.970004
1374	10	54	0.972984
1375	10	55	0.976309
1376	10	56	0.957608
1377	10	57	0.928929
1378	10	58	0.903558
1379	10	59	0.883931
1380	10	60	0.869986
1381	10	61	0.848577
1382	10	62	0.820708
1383	10	63	0.803947
1384	10	64	0.798161
1385	10	65	0.780296
1386	10	66	0.742672
1387	10	67	0.712528
1388	10	68	0.705576
1389	10	69	0.704373
1390	10	70	0.69676
1391	10	71	0.683998
1392	10	72	0.668208
1393	10	73	0.653875
1394	10	74	0.638102
1395	10	75	0.61661
1396	10	76	0.600817
1397	10	77	0.600469
1398	10	78	0.605779
1399	10	79	0.601359
1400	10	80	0.582968
1401	10	81	0.551613
1402	10	82	0.522772
1403	10	83	0.497542
1404	10	84	0.475165
1405	10	85	0.463602
1406	10	86	0.457713
1407	10	87	0.458689
1408	10	88	0.460178
1409	10	89	0.457234
1410	10	90	0.454322
1411	10	91	0.448359
1412	10	92	0.447126
1413	10	93	0.459545
1414	10	94	0.473486
1415	10	95	0.481422
1416	10	96	0.483105
1417	10	97	0.487518
1418	10	98	0.491541
1419	10	99	0.485425
1420	10	100	0.477315
1421	10	101	0.464185
1422	10	102	0.449757
1423	10	103	0.442271
1424	10	104	0.43075
1425	10	105	0.410168
1426	10	106	0.389809
1427	10	107	0.377531
1428	10	108	0.36708
1429	10	109	0.347615
1430	10	110	0.326164
1431	10	111	0.310681
1432	10	112	0.301939
1433	10	113	0.294706
1434	10	114	0.283784
1435	10	115	0.269856
1436	10	116	0.253157
1437	10	117	0.238041
1438	10	118	0.219775
1439	10	119	0.202551
1440	10	120	0.193937
1441	10	121	0.186237
1442	10	122	0.175005
1443	10	123	0.156842
1444	10	124	0.127372
1445	10	125	0.107193
1446	10	126	0.0911282
1447	10	127	0.0780047
1448	10	128	0.0677806
1449	10	129	0.0604569
1450	10	130	0.056032
1451	10	131	0.0545077
1452	10	132	0.0435794
1453	11	0	0.0472235
1454	11	1	0.0533652
1455	11	2	0.0620046
1456	11	3	0.0731412
1457	11	4	0.0863246
1458	11	5	0.101238
1459	11	6	0.118034
1460	11	7	0.134494
1461	11	8	0.150968
1462	11	9	0.169543
1463	11	10	0.193266
1464	11	11	0.221788
1465	11	12	0.24991
1466	11	13	0.276367
1467	11	14	0.304489
1468	11	15	0.327154
1469	11	16	0.337461
1470	11	17	0.365132
1471	11	18	0.411378
1472	11	19	0.443163
1473	11	20	0.466989
1474	11	21	0.487139
1475	11	22	0.495227
1476	11	23	0.505612
1477	11	24	0.522781
1478	11	25	0.542428
1479	11	26	0.581618
1480	11	27	0.644943
1481	11	28	0.707831
1482	11	29	0.745589
1483	11	30	0.777116
1484	11	31	0.820714
1485	11	32	0.870256
1486	11	33	0.911947
1487	11	34	0.945523
1488	11	35	0.97098
1489	11	36	0.988319
1490	11	37	0.997543
1491	11	38	0.99865
1492	11	39	0.991641
1493	11	40	0.976515
1494	11	41	0.953271
1495	11	42	0.921911
1496	11	43	0.8953
1497	11	44	0.863971
1498	11	45	0.831657
1499	11	46	0.804838
1500	11	47	0.78839
1501	11	48	0.782985
1502	11	49	0.763958
1503	11	50	0.728677
1504	11	51	0.701135
1505	11	52	0.697704
1506	11	53	0.701239
1507	11	54	0.699845
1508	11	55	0.708785
1509	11	56	0.720008
1510	11	57	0.723259
1511	11	58	0.723504
1512	11	59	0.722601
1513	11	60	0.721092
1514	11	61	0.717157
1515	11	62	0.695472
1516	11	63	0.658359
1517	11	64	0.625078
1518	11	65	0.604489
1519	11	66	0.575052
1520	11	67	0.537036
1521	11	68	0.502903
1522	11	69	0.476277
1523	11	70	0.45654
1524	11	71	0.432237
1525	11	72	0.402529
1526	11	73	0.379296
1527	11	74	0.370434
1528	11	75	0.368047
1529	11	76	0.366241
1530	11	77	0.360101
1531	11	78	0.350632
1532	11	79	0.338893
1533	11	80	0.324381
1534	11	81	0.304115
1535	11	82	0.277051
1536	11	83	0.260526
1537	11	84	0.254657
1538	11	85	0.242647
1539	11	86	0.226006
1540	11	87	0.201071
1541	11	88	0.172536
1542	11	89	0.153251
1543	11	90	0.140544
1544	11	91	0.13065
1545	11	92	0.123065
1546	11	93	0.119414
1547	11	94	0.116834
1548	11	95	0.108901
1549	11	96	0.0986713
1550	11	97	0.0894866
1551	11	98	0.0830109
1552	11	99	0.0821853
1553	11	100	0.0829464
1554	11	101	0.0851781
1555	11	102	0.0828174
1556	11	103	0.0815274
1557	11	104	0.0834753
1558	11	105	0.0812178
1559	11	106	0.0762255
1560	11	107	0.0802245
1561	11	108	0.0894479
1562	11	109	0.0933695
1563	11	110	0.0911765
1564	11	111	0.0912539
1565	11	112	0.0911636
1566	11	113	0.0903251
1567	11	114	0.0898349
1568	11	115	0.0815274
1569	11	116	0.0747678
1570	11	117	0.0723168
1571	11	118	0.0652735
1572	11	119	0.0560372
1573	11	120	0.0496646
1574	11	121	0.0454851
1575	11	122	0.0409056
1576	11	123	0.0354747
1577	11	124	0.0305083
1578	11	125	0.0271732
1579	11	126	0.0237747
1580	11	127	0.0204664
1581	11	128	0.0181805
1582	11	129	0.0169169
1583	11	130	0.0166755
1584	12	0	0.033235
1585	12	1	0.0365474
1586	12	2	0.0416483
1587	12	3	0.0485377
1588	12	4	0.0572156
1589	12	5	0.067682
1590	12	6	0.0800885
1591	12	7	0.0970232
1592	12	8	0.125525
1593	12	9	0.150748
1594	12	10	0.169094
1595	12	11	0.190326
1596	12	12	0.218385
1597	12	13	0.244026
1598	12	14	0.279146
1599	12	15	0.334172
1600	12	16	0.380111
1601	12	17	0.406218
1602	12	18	0.428371
1603	12	19	0.448817
1604	12	20	0.474224
1605	12	21	0.508423
1606	12	22	0.543016
1607	12	23	0.571505
1608	12	24	0.605201
1609	12	25	0.648414
1610	12	26	0.670432
1611	12	27	0.671439
1612	12	28	0.685315
1613	12	29	0.710575
1614	12	30	0.730382
1615	12	31	0.744811
1616	12	32	0.761155
1617	12	33	0.787373
1618	12	34	0.822776
1619	12	35	0.842178
1620	12	36	0.829112
1621	12	37	0.801507
1622	12	38	0.785199
1623	12	39	0.781626
1624	12	40	0.789645
1625	12	41	0.803631
1626	12	42	0.812461
1627	12	43	0.811883
1628	12	44	0.792641
1629	12	45	0.769358
1630	12	46	0.744578
1631	12	47	0.736141
1632	12	48	0.763022
1633	12	49	0.790038
1634	12	50	0.795883
1635	12	51	0.804651
1636	12	52	0.818085
1637	12	53	0.834805
1638	12	54	0.876464
1639	12	55	0.917355
1640	12	56	0.950073
1641	12	57	0.974631
1642	12	58	0.991016
1643	12	59	0.999241
1644	12	60	0.999293
1645	12	61	0.991177
1646	12	62	0.974902
1647	12	63	0.950454
1648	12	64	0.917838
1649	12	65	0.877064
1650	12	66	0.830733
1651	12	67	0.79382
1652	12	68	0.764078
1653	12	69	0.731487
1654	12	70	0.725077
1655	12	71	0.747537
1656	12	72	0.7712
1657	12	73	0.773902
1658	12	74	0.757349
1659	12	75	0.741176
1660	12	76	0.730898
1661	12	77	0.712809
1662	12	78	0.688532
1663	12	79	0.657194
1664	12	80	0.639757
1665	12	81	0.631026
1666	12	82	0.594493
1667	12	83	0.539172
1668	12	84	0.489451
1669	12	85	0.452759
1670	12	86	0.423876
1671	12	87	0.394147
1672	12	88	0.363091
1673	12	89	0.342854
1674	12	90	0.325809
1675	12	91	0.300341
1676	12	92	0.257386
1677	12	93	0.215991
1678	12	94	0.194685
1679	12	95	0.182945
1680	12	96	0.176756
1681	12	97	0.173208
1682	12	98	0.165876
1683	12	99	0.162499
1684	12	100	0.16789
1685	12	101	0.174828
1686	12	102	0.176609
1687	12	103	0.174964
1688	12	104	0.174718
1689	12	105	0.170273
1690	12	106	0.159589
1691	12	107	0.144731
1692	12	108	0.124665
1693	12	109	0.110371
1694	12	110	0.105902
1695	12	111	0.104809
1696	12	112	0.100597
1697	12	113	0.0884887
1698	12	114	0.080163
1699	12	115	0.0786157
1700	12	116	0.0773877
1701	12	117	0.075116
1702	12	118	0.0720091
1703	12	119	0.0739248
1704	12	120	0.0858363
1705	12	121	0.0957707
1706	12	122	0.0958812
1707	12	123	0.0907359
1708	12	124	0.0849767
1709	12	125	0.0864626
1710	12	126	0.0852468
1711	12	127	0.0835849
1712	12	128	0.0777799
1713	12	129	0.0733566
1714	12	130	0.0707853
1715	12	131	0.0700659
1716	12	132	0.0607299
1717	13	0	0.0633905
1718	13	1	0.0677006
1719	13	2	0.07366
1720	13	3	0.0812683
1721	13	4	0.0905264
1722	13	5	0.101434
1723	13	6	0.113996
1724	13	7	0.131704
1725	13	8	0.163682
1726	13	9	0.207391
1727	13	10	0.249849
1728	13	11	0.283121
1729	13	12	0.317717
1730	13	13	0.354995
1731	13	14	0.386942
1732	13	15	0.421926
1733	13	16	0.470737
1734	13	17	0.520081
1735	13	18	0.565225
1736	13	19	0.608662
1737	13	20	0.644563
1738	13	21	0.669644
1739	13	22	0.708865
1740	13	23	0.748055
1741	13	24	0.763887
1742	13	25	0.785008
1743	13	26	0.81907
1744	13	27	0.843476
1745	13	28	0.845387
1746	13	29	0.853259
1747	13	30	0.869635
1748	13	31	0.881246
1749	13	32	0.891265
1750	13	33	0.905651
1751	13	34	0.926191
1752	13	35	0.944448
1753	13	36	0.955535
1754	13	37	0.966381
1755	13	38	0.976056
1756	13	39	0.984147
1757	13	40	0.992754
1758	13	41	0.997977
1759	13	42	0.999808
1760	13	43	0.998244
1761	13	44	0.993294
1762	13	45	0.984956
1763	13	46	0.973226
1764	13	47	0.958105
1765	13	48	0.939593
1766	13	49	0.917696
1767	13	50	0.892402
1768	13	51	0.87164
1769	13	52	0.866912
1770	13	53	0.868122
1771	13	54	0.847885
1772	13	55	0.816242
1773	13	56	0.775283
1774	13	57	0.750495
1775	13	58	0.744823
1776	13	59	0.736931
1777	13	60	0.731615
1778	13	61	0.727996
1779	13	62	0.712327
1780	13	63	0.695788
1781	13	64	0.681029
1782	13	65	0.652592
1783	13	66	0.618948
1784	13	67	0.598125
1785	13	68	0.579989
1786	13	69	0.559999
1787	13	70	0.541821
1788	13	71	0.519358
1789	13	72	0.499724
1790	13	73	0.489004
1791	13	74	0.480975
1792	13	75	0.457895
1793	13	76	0.43967
1794	13	77	0.429049
1795	13	78	0.406655
1796	13	79	0.379882
1797	13	80	0.368544
1798	13	81	0.358777
1799	13	82	0.34395
1800	13	83	0.322211
1801	13	84	0.304965
1802	13	85	0.297418
1803	13	86	0.298329
1804	13	87	0.303022
1805	13	88	0.298665
1806	13	89	0.298581
1807	13	90	0.301629
1808	13	91	0.297324
1809	13	92	0.294103
1810	13	93	0.295051
1811	13	94	0.308568
1812	13	95	0.317497
1813	13	96	0.307746
1814	13	97	0.289992
1815	13	98	0.267708
1816	13	99	0.253835
1817	13	100	0.244785
1818	13	101	0.234981
1819	13	102	0.234907
1820	13	103	0.224004
1821	13	104	0.197619
1822	13	105	0.173884
1823	13	106	0.152118
1824	13	107	0.139832
1825	13	108	0.134448
1826	13	109	0.131694
1827	13	110	0.129117
1828	13	111	0.126991
1829	13	112	0.130463
1830	13	113	0.127986
1831	13	114	0.123005
1832	13	115	0.121942
1833	13	116	0.122361
1834	13	117	0.121712
1835	13	118	0.117469
1836	13	119	0.109163
1837	13	120	0.0990294
1838	13	121	0.0904143
1839	13	122	0.0814168
1840	13	123	0.0708902
1841	13	124	0.0636838
1842	13	125	0.0574097
1843	13	126	0.0515127
1844	13	127	0.0457728
1845	13	128	0.0381946
1846	13	129	0.0328579
1847	13	130	0.0318262
1848	14	0	0.0543524
1849	14	1	0.0503606
1850	14	2	0.0477001
1851	14	3	0.0463711
1852	14	4	0.0463735
1853	14	5	0.0477074
1854	14	6	0.0503726
1855	14	7	0.0543693
1856	14	8	0.0596974
1857	14	9	0.0663569
1858	14	10	0.0743479
1859	14	11	0.0836704
1860	14	12	0.0957255
1861	14	13	0.110003
1862	14	14	0.130902
1863	14	15	0.155672
1864	14	16	0.17898
1865	14	17	0.213039
1866	14	18	0.241593
1867	14	19	0.261202
1868	14	20	0.296809
1869	14	21	0.350993
1870	14	22	0.400189
1871	14	23	0.421949
1872	14	24	0.445687
1873	14	25	0.474843
1874	14	26	0.506838
1875	14	27	0.5421
1876	14	28	0.577707
1877	14	29	0.613658
1878	14	30	0.641868
1879	14	31	0.652705
1880	14	32	0.655457
1881	14	33	0.676443
1882	14	34	0.737077
1883	14	35	0.787133
1884	14	36	0.796422
1885	14	37	0.802271
1886	14	38	0.817924
1887	14	39	0.836501
1888	14	40	0.853789
1889	14	41	0.884063
1890	14	42	0.943408
1891	14	43	0.995872
1892	14	44	0.994324
1893	14	45	0.932421
1894	14	46	0.949526
1895	14	47	0.962022
1896	14	48	0.9699
1897	14	49	0.973161
1898	14	50	0.971804
1899	14	51	0.965835
1900	14	52	0.955252
1901	14	53	0.940052
1902	14	54	0.920237
1903	14	55	0.895807
1904	14	56	0.880042
1905	14	57	0.987787
1906	14	58	0.980821
1907	14	59	0.963619
1908	14	60	0.925174
1909	14	61	0.880795
1910	14	62	0.881053
1911	14	63	0.926464
1912	14	64	0.977552
1913	14	65	0.989249
1914	14	66	0.953642
1915	14	67	0.87443
1916	14	68	0.807517
1917	14	69	0.793326
1918	14	70	0.796078
1919	14	71	0.798056
1920	14	72	0.806829
1921	14	73	0.830223
1922	14	74	0.824718
1923	14	75	0.792208
1924	14	76	0.772426
1925	14	77	0.777673
1926	14	78	0.80055
1927	14	79	0.832029
1928	14	80	0.832803
1929	14	81	0.811129
1930	14	82	0.789886
1931	14	83	0.753763
1932	14	84	0.684097
1933	14	85	0.646254
1934	14	86	0.661736
1935	14	87	0.680657
1936	14	88	0.671712
1937	14	89	0.638772
1938	14	90	0.594392
1939	14	91	0.550529
1940	14	92	0.526791
1941	14	93	0.507096
1942	14	94	0.483874
1943	14	95	0.463748
1944	14	96	0.442763
1945	14	97	0.398383
1946	14	98	0.331298
1947	14	99	0.278146
1948	14	100	0.245721
1949	14	101	0.223531
1950	14	102	0.219661
1951	14	103	0.212093
1952	14	104	0.196439
1953	14	105	0.182506
1954	14	106	0.164273
1955	14	107	0.129526
1956	14	108	0.0998538
1957	14	109	0.0929733
1958	14	110	0.0879849
1959	14	111	0.0797282
1960	14	112	0.0709555
1961	14	113	0.0596026
1962	14	114	0.051346
1963	14	115	0.0505719
1964	14	116	0.0495399
1965	14	117	0.0488518
1966	14	118	0.0526361
1967	14	119	0.0531521
1968	14	120	0.0538402
1969	14	121	0.0577105
1970	14	122	0.0614088
1971	14	123	0.0595166
1972	14	124	0.0533242
1973	14	125	0.0474757
1974	14	126	0.0453019
1975	14	127	0.0415309
1976	14	128	0.0332515
1977	14	129	0.0273313
1978	14	130	0.02377
1979	14	131	0.0225678
1980	14	132	0.0143718
1981	15	0	0.0161467
1982	15	1	0.0189109
1983	15	2	0.0226644
1984	15	3	0.0274073
1985	15	4	0.0331395
1986	15	5	0.0398611
1987	15	6	0.0458567
1988	15	7	0.0507462
1989	15	8	0.0573109
1990	15	9	0.0632503
1991	15	10	0.0710655
1992	15	11	0.0835697
1993	15	12	0.0974806
1994	15	13	0.117383
1995	15	14	0.142756
1996	15	15	0.166723
1997	15	16	0.187042
1998	15	17	0.210591
1999	15	18	0.245551
2000	15	19	0.29067
2001	15	20	0.335946
2002	15	21	0.371374
2003	15	22	0.401072
2004	15	23	0.427487
2005	15	24	0.443534
2006	15	25	0.456351
2007	15	26	0.469168
2008	15	27	0.482974
2009	15	28	0.500272
2010	15	29	0.52304
2011	15	30	0.546798
2012	15	31	0.55925
2013	15	32	0.552477
2014	15	33	0.533199
2015	15	34	0.518611
2016	15	35	0.513714
2017	15	36	0.518403
2018	15	37	0.530594
2019	15	38	0.546746
2020	15	39	0.56373
2021	15	40	0.58009
2022	15	41	0.594887
2023	15	42	0.606714
2024	15	43	0.621823
2025	15	44	0.653604
2026	15	45	0.693357
2027	15	46	0.762889
2028	15	47	0.82321
2029	15	48	0.871396
2030	15	49	0.911938
2031	15	50	0.944837
2032	15	51	0.970094
2033	15	52	0.987705
2034	15	53	0.997676
2035	15	54	1
2036	15	55	0.993836
2037	15	56	0.980025
2038	15	57	0.958574
2039	15	58	0.929481
2040	15	59	0.892742
2041	15	60	0.860246
2042	15	61	0.840125
2043	15	62	0.831007
2044	15	63	0.824964
2045	15	64	0.793495
2046	15	65	0.750772
2047	15	66	0.738268
2048	15	67	0.739831
2049	15	68	0.73087
2050	15	69	0.722898
2051	15	70	0.73384
2052	15	71	0.746604
2053	15	72	0.737643
2054	15	73	0.712426
2055	15	74	0.691586
2056	15	75	0.670172
2057	15	76	0.643601
2058	15	77	0.619635
2059	15	78	0.610204
2060	15	79	0.601972
2061	15	80	0.594001
2062	15	81	0.583685
2063	15	82	0.561021
2064	15	83	0.522675
2065	15	84	0.478702
2066	15	85	0.440668
2067	15	86	0.409616
2068	15	87	0.385129
2069	15	88	0.377314
2070	15	89	0.370437
2071	15	90	0.363663
2072	15	91	0.355067
2073	15	92	0.341625
2074	15	93	0.321045
2075	15	94	0.302289
2076	15	95	0.296506
2077	15	96	0.297443
2078	15	97	0.292598
2079	15	98	0.295724
2080	15	99	0.302497
2081	15	100	0.298016
2082	15	101	0.282282
2083	15	102	0.2666
2084	15	103	0.256701
2085	15	104	0.248104
2086	15	105	0.238726
2087	15	106	0.236069
2088	15	107	0.243988
2089	15	108	0.244613
2090	15	109	0.232109
2091	15	110	0.217
2092	15	111	0.196264
2093	15	112	0.178237
2094	15	113	0.165785
2095	15	114	0.15599
2096	15	115	0.147393
2097	15	116	0.140828
2098	15	117	0.136296
2099	15	118	0.130669
2100	15	119	0.117591
2101	15	120	0.089978
2102	15	121	0.0696587
2103	15	122	0.0643445
2104	15	123	0.0631982
2105	15	124	0.0646171
2106	15	125	0.0631398
2107	15	126	0.059666
2108	15	127	0.0570712
2109	15	128	0.055355
2110	15	129	0.0545177
2111	15	130	0.0495155
2112	16	0	0.0750391
2113	16	1	0.0776903
2114	16	2	0.0816175
2115	16	3	0.0868219
2116	16	4	0.0933023
2117	16	5	0.10106
2118	16	6	0.110094
2119	16	7	0.1344
2120	16	8	0.158392
2121	16	9	0.173002
2122	16	10	0.18611
2123	16	11	0.199217
2124	16	12	0.211267
2125	16	13	0.221227
2126	16	14	0.233818
2127	16	15	0.251364
2128	16	16	0.269687
2129	16	17	0.291532
2130	16	18	0.314082
2131	16	19	0.332052
2132	16	20	0.347085
2133	16	21	0.371233
2134	16	22	0.407478
2135	16	23	0.447528
2136	16	24	0.499417
2137	16	25	0.567373
2138	16	26	0.634154
2139	16	27	0.686725
2140	16	28	0.726258
2141	16	29	0.749466
2142	16	30	0.765721
2143	16	31	0.788647
2144	16	32	0.808942
2145	16	33	0.827875
2146	16	34	0.840254
2147	16	35	0.842415
2148	16	36	0.844506
2149	16	37	0.837882
2150	16	38	0.832385
2151	16	39	0.841828
2152	16	40	0.857848
2153	16	41	0.882254
2154	16	42	0.915327
2155	16	43	0.935928
2156	16	44	0.934331
2157	16	45	0.929351
2158	16	46	0.927096
2159	16	47	0.926978
2160	16	48	0.92625
2161	16	49	0.925099
2162	16	50	0.911264
2163	16	51	0.894609
2164	16	52	0.885096
2165	16	53	0.881854
2166	16	54	0.858552
2167	16	55	0.875739
2168	16	56	0.908542
2169	16	57	0.93631
2170	16	58	0.959041
2171	16	59	0.976741
2172	16	60	0.989408
2173	16	61	0.997039
2174	16	62	0.999639
2175	16	63	0.997201
2176	16	64	0.989734
2177	16	65	0.977233
2178	16	66	0.959691
2179	16	67	0.936776
2180	16	68	0.904248
2181	16	69	0.883475
2182	16	70	0.860432
2183	16	71	0.836942
2184	16	72	0.804268
2185	16	73	0.770254
2186	16	74	0.762573
2187	16	75	0.788342
2188	16	76	0.821368
2189	16	77	0.833301
2190	16	78	0.822872
2191	16	79	0.808308
2192	16	80	0.793157
2193	16	81	0.773543
2194	16	82	0.740328
2195	16	83	0.693725
2196	16	84	0.649235
2197	16	85	0.625205
2198	16	86	0.61191
2199	16	87	0.58391
2200	16	88	0.528403
2201	16	89	0.462186
2202	16	90	0.417179
2203	16	91	0.400078
2204	16	92	0.394253
2205	16	93	0.386736
2206	16	94	0.375602
2207	16	95	0.363622
2208	16	96	0.355025
2209	16	97	0.346357
2210	16	98	0.332874
2211	16	99	0.313941
2212	16	100	0.293552
2213	16	101	0.279975
2214	16	102	0.273844
2215	16	103	0.258764
2216	16	104	0.234804
2217	16	105	0.213029
2218	16	106	0.196939
2219	16	107	0.19109
2220	16	108	0.191113
2221	16	109	0.187637
2222	16	110	0.179063
2223	16	111	0.168986
2224	16	112	0.161469
2225	16	113	0.155174
2226	16	114	0.146999
2227	16	115	0.144368
2228	16	116	0.150194
2229	16	117	0.155315
2230	16	118	0.151862
2231	16	119	0.141385
2232	16	120	0.126352
2233	16	121	0.112916
2234	16	122	0.104295
2235	16	123	0.10478
2236	16	124	0.100532
2237	16	125	0.0880716
2238	16	126	0.0776624
2239	16	127	0.0693052
2240	16	128	0.0629997
2241	16	129	0.0587459
2242	16	130	0.0565439
2243	16	131	0.0528606
2244	16	132	0.0384419
2245	17	0	0.0411639
2246	17	1	0.0452623
2247	17	2	0.0507371
2248	17	3	0.0575881
2249	17	4	0.0573861
2250	17	5	0.059528
2251	17	6	0.0659718
2252	17	7	0.0751883
2253	17	8	0.0848192
2254	17	9	0.0947367
2255	17	10	0.103682
2256	17	11	0.108972
2257	17	12	0.116004
2258	17	13	0.133074
2259	17	14	0.153223
2260	17	15	0.169817
2261	17	16	0.19062
2262	17	17	0.219919
2263	17	18	0.254287
2264	17	19	0.288656
2265	17	20	0.318946
2266	17	21	0.351514
2267	17	22	0.387222
2268	17	23	0.425757
2269	17	24	0.458763
2270	17	25	0.480367
2271	17	26	0.495857
2272	17	27	0.516172
2273	17	28	0.543942
2274	17	29	0.57151
2275	17	30	0.597231
2276	17	31	0.629218
2277	17	32	0.668992
2278	17	33	0.712539
2279	17	34	0.750931
2280	17	35	0.769774
2281	17	36	0.776577
2282	17	37	0.830477
2283	17	38	0.876709
2284	17	39	0.915584
2285	17	40	0.947097
2286	17	41	0.971253
2287	17	42	0.988052
2288	17	43	0.99749
2289	17	44	0.99957
2290	17	45	0.994293
2291	17	46	0.98166
2292	17	47	0.961667
2293	17	48	0.934314
2294	17	49	0.924445
2295	17	50	0.941202
2296	17	51	0.934448
2297	17	52	0.931253
2298	17	53	0.929236
2299	17	54	0.917974
2300	17	55	0.906024
2301	17	56	0.913285
2302	17	57	0.930467
2303	17	58	0.927853
2304	17	59	0.909695
2305	17	60	0.888582
2306	17	61	0.87966
2307	17	62	0.878188
2308	17	63	0.876949
2309	17	64	0.863423
2310	17	65	0.83934
2311	17	66	0.827594
2312	17	67	0.831951
2313	17	68	0.826897
2314	17	69	0.800994
2315	17	70	0.767698
2316	17	71	0.742729
2317	17	72	0.728927
2318	17	73	0.728153
2319	17	74	0.717786
2320	17	75	0.679545
2321	17	76	0.652081
2322	17	77	0.635128
2323	17	78	0.624126
2324	17	79	0.609701
2325	17	80	0.585928
2326	17	81	0.56763
2327	17	82	0.565651
2328	17	83	0.572091
2329	17	84	0.572304
2330	17	85	0.560845
2331	17	86	0.541642
2332	17	87	0.521222
2333	17	88	0.503742
2334	17	89	0.489258
2335	17	90	0.479693
2336	17	91	0.464203
2337	17	92	0.449585
2338	17	93	0.446096
2339	17	94	0.436414
2340	17	95	0.418833
2341	17	96	0.403549
2342	17	97	0.400447
2343	17	98	0.404463
2344	17	99	0.414775
2345	17	100	0.424243
2346	17	101	0.416161
2347	17	102	0.389728
2348	17	103	0.358546
2349	17	104	0.328798
2350	17	105	0.300529
2351	17	106	0.279702
2352	17	107	0.269618
2353	17	108	0.26209
2354	17	109	0.249791
2355	17	110	0.234069
2356	17	111	0.216457
2357	17	112	0.196165
2358	17	113	0.180675
2359	17	114	0.175323
2360	17	115	0.172217
2361	17	116	0.170126
2362	17	117	0.167811
2363	17	118	0.162571
2364	17	119	0.153351
2365	17	120	0.144192
2366	17	121	0.138132
2367	17	122	0.128606
2368	17	123	0.114192
2369	17	124	0.100908
2370	17	125	0.0897602
2371	17	126	0.0807483
2372	17	127	0.0738723
2373	17	128	0.0691325
2374	17	129	0.0665285
2375	17	130	0.0624686
2376	17	131	0.0612898
2377	18	0	0.0647325
2378	18	1	0.0699777
2379	18	2	0.0770243
2380	18	3	0.0858729
2381	18	4	0.0922495
2382	18	5	0.101304
2383	18	6	0.116145
2384	18	7	0.133684
2385	18	8	0.152072
2386	18	9	0.170922
2387	18	10	0.184413
2388	18	11	0.192894
2389	18	12	0.214519
2390	18	13	0.239614
2391	18	14	0.252566
2392	18	15	0.261201
2393	18	16	0.283559
2394	18	17	0.318021
2395	18	18	0.351904
2396	18	19	0.381008
2397	18	20	0.409264
2398	18	21	0.437134
2399	18	22	0.471326
2400	18	23	0.516697
2401	18	24	0.558251
2402	18	25	0.587085
2403	18	26	0.61881
2404	18	27	0.664721
2405	18	28	0.710207
2406	18	29	0.741971
2407	18	30	0.762555
2408	18	31	0.78314
2409	18	32	0.814527
2410	18	33	0.859534
2411	18	34	0.894014
2412	18	35	0.923726
2413	18	36	0.948197
2414	18	37	0.967899
2415	18	38	0.982836
2416	18	39	0.993006
2417	18	40	0.99841
2418	18	41	0.999047
2419	18	42	0.994916
2420	18	43	0.986018
2421	18	44	0.972354
2422	18	45	0.953923
2423	18	46	0.93479
2424	18	47	0.951517
2425	18	48	0.948549
2426	18	49	0.937872
2427	18	50	0.923994
2428	18	51	0.910194
2429	18	52	0.895816
2430	18	53	0.887682
2431	18	54	0.889956
2432	18	55	0.904797
2433	18	56	0.93498
2434	18	57	0.96817
2435	18	58	0.97029
2436	18	59	0.942729
2437	18	60	0.914319
2438	18	61	0.897473
2439	18	62	0.884213
2440	18	63	0.874884
2441	18	64	0.871685
2442	18	65	0.877274
2443	18	66	0.88614
2444	18	67	0.887065
2445	18	68	0.873111
2446	18	69	0.845434
2447	18	70	0.812783
2448	18	71	0.792854
2449	18	72	0.784374
2450	18	73	0.774737
2451	18	74	0.758045
2452	18	75	0.739812
2453	18	76	0.712135
2454	18	77	0.674666
2455	18	78	0.634114
2456	18	79	0.594872
2457	18	80	0.559947
2458	18	81	0.534968
2459	18	82	0.515617
2460	18	83	0.493568
2461	18	84	0.474911
2462	18	85	0.468974
2463	18	86	0.472289
2464	18	87	0.47121
2465	18	88	0.461612
2466	18	89	0.456562
2467	18	90	0.459993
2468	18	91	0.462421
2469	18	92	0.459569
2470	18	93	0.456253
2471	18	94	0.448814
2472	18	95	0.434821
2473	18	96	0.417012
2474	18	97	0.393035
2475	18	98	0.35838
2476	18	99	0.321181
2477	18	100	0.294121
2478	18	101	0.280552
2479	18	102	0.269681
2480	18	103	0.252566
2481	18	104	0.233832
2482	18	105	0.220109
2483	18	106	0.209894
2484	18	107	0.203533
2485	18	108	0.195477
2486	18	109	0.187806
2487	18	110	0.183642
2488	18	111	0.180559
2489	18	112	0.175432
2490	18	113	0.166296
2491	18	114	0.153112
2492	18	115	0.139698
2493	18	116	0.130678
2494	18	117	0.124124
2495	18	118	0.114487
2496	18	119	0.101767
2497	18	120	0.0869256
2498	18	121	0.0786378
2499	18	122	0.0769032
2500	18	123	0.0730394
2501	18	124	0.0640725
2502	18	125	0.0539441
2503	18	126	0.0455119
2504	18	127	0.0387756
2505	18	128	0.0337352
2506	18	129	0.0303907
2507	18	130	0.0263431
2508	18	131	0.021967
2509	19	0	0.0234749
2510	19	1	0.0263709
2511	19	2	0.0306551
2512	19	3	0.0363274
2513	19	4	0.043388
2514	19	5	0.0476733
2515	19	6	0.0566971
2516	19	7	0.0677135
2517	19	8	0.0782593
2518	19	9	0.0907784
2519	19	10	0.106915
2520	19	11	0.128122
2521	19	12	0.155064
2522	19	13	0.18284
2523	19	14	0.207681
2524	19	15	0.239794
2525	19	16	0.282472
2526	19	17	0.324203
2527	19	18	0.36498
2528	19	19	0.402773
2529	19	20	0.439603
2530	19	21	0.484016
2531	19	22	0.534154
2532	19	23	0.580415
2533	19	24	0.622585
2534	19	25	0.666327
2535	19	26	0.708842
2536	19	27	0.7378
2537	19	28	0.751958
2538	19	29	0.765892
2539	19	30	0.7854
2540	19	31	0.804839
2541	19	32	0.828733
2542	19	33	0.852846
2543	19	34	0.862023
2544	19	35	0.874136
2545	19	36	0.905474
2546	19	37	0.926865
2547	19	38	0.938389
2548	19	39	0.954716
2549	19	40	0.969096
2550	19	41	0.988049
2551	19	42	0.996163
2552	19	43	0.999034
2553	19	44	0.999933
2554	19	45	0.99886
2555	19	46	0.995815
2556	19	47	0.990799
2557	19	48	0.98381
2558	19	49	0.974849
2559	19	50	0.963916
2560	19	51	0.951011
2561	19	52	0.936134
2562	19	53	0.919286
2563	19	54	0.903015
2564	19	55	0.910736
2565	19	56	0.903383
2566	19	57	0.902228
2567	19	58	0.893845
2568	19	59	0.885398
2569	19	60	0.874882
2570	19	61	0.853547
2571	19	62	0.832535
2572	19	63	0.814005
2573	19	64	0.791077
2574	19	65	0.767319
2575	19	66	0.744824
2576	19	67	0.720676
2577	19	68	0.698229
2578	19	69	0.678728
2579	19	70	0.657912
2580	19	71	0.640609
2581	19	72	0.622499
2582	19	73	0.60671
2583	19	74	0.597605
2584	19	75	0.585239
2585	19	76	0.570607
2586	19	77	0.546451
2587	19	78	0.517664
2588	19	79	0.494669
2589	19	80	0.473029
2590	19	81	0.448774
2591	19	82	0.426752
2592	19	83	0.408816
2593	19	84	0.387572
2594	19	85	0.36075
2595	19	86	0.335401
2596	19	87	0.314481
2597	19	88	0.294427
2598	19	89	0.276137
2599	19	90	0.26522
2600	19	91	0.262554
2601	19	92	0.261931
2602	19	93	0.257586
2603	19	94	0.253241
2604	19	95	0.244725
2605	19	96	0.229085
2606	19	97	0.212991
2607	19	98	0.202507
2608	19	99	0.198648
2609	19	100	0.197552
2610	19	101	0.194589
2611	19	102	0.188725
2612	19	103	0.18068
2613	19	104	0.171046
2614	19	105	0.161219
2615	19	106	0.154034
2616	19	107	0.151128
2617	19	108	0.14997
2618	19	109	0.148887
2619	19	110	0.150358
2620	19	111	0.150144
2621	19	112	0.146815
2622	19	113	0.145144
2623	19	114	0.142836
2624	19	115	0.140497
2625	19	116	0.138157
2626	19	117	0.136603
2627	19	118	0.13332
2628	19	119	0.124817
2629	19	120	0.113504
2630	19	121	0.10349
2631	19	122	0.0951368
2632	19	123	0.0856178
2633	19	124	0.0726082
2634	19	125	0.0610927
2635	19	126	0.0577896
2636	19	127	0.0552142
2637	19	128	0.0533664
2638	19	129	0.052246
2639	19	130	0.0490855
2640	20	0	0.0957134
2641	20	1	0.0980743
2642	20	2	0.102108
2643	20	3	0.107816
2644	20	4	0.115197
2645	20	5	0.124252
2646	20	6	0.133231
2647	20	7	0.138881
2648	20	8	0.143628
2649	20	9	0.150532
2650	20	10	0.159556
2651	20	11	0.176935
2652	20	12	0.201259
2653	20	13	0.223602
2654	20	14	0.252574
2655	20	15	0.287
2656	20	16	0.317621
2657	20	17	0.345926
2658	20	18	0.378038
2659	20	19	0.41825
2660	20	20	0.47441
2661	20	21	0.536044
2662	20	22	0.592949
2663	20	23	0.629317
2664	20	24	0.654033
2665	20	25	0.677415
2666	20	26	0.707585
2667	20	27	0.742599
2668	20	28	0.769022
2669	20	29	0.795601
2670	20	30	0.831165
2671	20	31	0.859824
2672	20	32	0.873221
2673	20	33	0.873241
2674	20	34	0.871868
2675	20	35	0.894563
2676	20	36	0.925733
2677	20	37	0.94119
2678	20	38	0.948056
2679	20	39	0.967809
2680	20	40	0.974688
2681	20	41	0.968738
2682	20	42	0.978449
2683	20	43	0.986357
2684	20	44	0.992457
2685	20	45	0.996759
2686	20	46	0.999258
2687	20	47	0.99995
2688	20	48	0.998847
2689	20	49	0.995938
2690	20	50	0.991173
2691	20	51	0.98456
2692	20	52	0.97666
2693	20	53	0.97136
2694	20	54	0.971752
2695	20	55	0.972282
2696	20	56	0.961218
2697	20	57	0.955922
2698	20	58	0.959708
2699	20	59	0.965004
2700	20	60	0.970222
2701	20	61	0.972537
2702	20	62	0.972929
2703	20	63	0.970281
2704	20	64	0.96571
2705	20	65	0.952391
2706	20	66	0.925674
2707	20	67	0.888875
2708	20	68	0.855273
2709	20	69	0.810038
2710	20	70	0.762156
2711	20	71	0.729398
2712	20	72	0.701406
2713	20	73	0.668176
2714	20	74	0.637674
2715	20	75	0.617607
2716	20	76	0.60466
2717	20	77	0.594891
2718	20	78	0.600305
2719	20	79	0.606367
2720	20	80	0.612134
2721	20	81	0.634202
2722	20	82	0.648874
2723	20	83	0.653484
2724	20	84	0.664979
2725	20	85	0.672531
2726	20	86	0.664018
2727	20	87	0.640851
2728	20	88	0.617332
2729	20	89	0.589379
2730	20	90	0.564173
2731	20	91	0.547382
2732	20	92	0.520214
2733	20	93	0.481904
2734	20	94	0.440043
2735	20	95	0.411698
2736	20	96	0.395927
2737	20	97	0.377076
2738	20	98	0.360815
2739	20	99	0.345671
2740	20	100	0.331783
2741	20	101	0.315306
2742	20	102	0.300241
2743	20	103	0.293258
2744	20	104	0.294827
2745	20	105	0.308362
2746	20	106	0.316189
2747	20	107	0.313325
2748	20	108	0.316542
2749	20	109	0.319386
2750	20	110	0.31611
2751	20	111	0.30848
2752	20	112	0.298534
2753	20	113	0.282194
2754	20	114	0.256694
2755	20	115	0.234312
2756	20	116	0.213382
2757	20	117	0.205143
2758	20	118	0.194354
2759	20	119	0.169913
2760	20	120	0.154887
2761	20	121	0.147158
2762	20	122	0.138312
2763	20	123	0.141944
2764	20	124	0.148256
2765	20	125	0.142075
2766	20	126	0.136784
2767	20	127	0.132385
2768	20	128	0.128876
2769	20	129	0.126259
2770	20	130	0.124533
2771	20	131	0.123698
2772	20	132	0.0832878
2773	21	0	0.0838431
2774	21	1	0.0848526
2775	21	2	0.0863158
2776	21	3	0.0860882
2777	21	4	0.0858242
2778	21	5	0.0903392
2779	21	6	0.0996266
2780	21	7	0.109297
2781	21	8	0.118043
2782	21	9	0.128743
2783	21	10	0.141007
2784	21	11	0.152361
2785	21	12	0.164486
2786	21	13	0.179385
2787	21	14	0.203689
2788	21	15	0.235518
2789	21	16	0.271018
2790	21	17	0.306979
2791	21	18	0.338175
2792	21	19	0.36467
2793	21	20	0.386783
2794	21	21	0.409081
2795	21	22	0.44155
2796	21	23	0.481835
2797	21	24	0.517269
2798	21	25	0.553045
2799	21	26	0.598948
2800	21	27	0.63681
2801	21	28	0.663761
2802	21	29	0.68089
2803	21	30	0.694086
2804	21	31	0.714594
2805	21	32	0.744754
2806	21	33	0.782121
2807	21	34	0.8197
2808	21	35	0.849964
2809	21	36	0.878256
2810	21	37	0.911227
2811	21	38	0.933003
2812	21	39	0.950599
2813	21	40	0.96541
2814	21	41	0.977582
2815	21	42	0.987108
2816	21	43	0.993991
2817	21	44	0.998233
2818	21	45	0.999831
2819	21	46	0.998786
2820	21	47	0.995099
2821	21	48	0.988768
2822	21	49	0.979796
2823	21	50	0.968177
2824	21	51	0.954205
2825	21	52	0.941658
2826	21	53	0.925214
2827	21	54	0.921775
2828	21	55	0.922732
2829	21	56	0.914838
2830	21	57	0.894322
2831	21	58	0.876117
2832	21	59	0.874718
2833	21	60	0.886177
2834	21	61	0.895233
2835	21	62	0.89456
2836	21	63	0.887061
2837	21	64	0.87444
2838	21	65	0.864777
2839	21	66	0.870414
2840	21	67	0.881226
2841	21	68	0.878698
2842	21	69	0.861014
2843	21	70	0.848743
2844	21	71	0.842281
2845	21	72	0.827027
2846	21	73	0.801607
2847	21	74	0.775032
2848	21	75	0.749196
2849	21	76	0.727182
2850	21	77	0.713485
2851	21	78	0.703056
2852	21	79	0.670844
2853	21	80	0.623206
2854	21	81	0.588215
2855	21	82	0.574524
2856	21	83	0.569798
2857	21	84	0.562181
2858	21	85	0.548755
2859	21	86	0.527658
2860	21	87	0.500569
2861	21	88	0.474667
2862	21	89	0.448448
2863	21	90	0.414652
2864	21	91	0.388143
2865	21	92	0.387338
2866	21	93	0.398018
2867	21	94	0.400546
2868	21	95	0.393516
2869	21	96	0.378862
2870	21	97	0.359944
2871	21	98	0.340465
2872	21	99	0.321725
2873	21	100	0.303507
2874	21	101	0.287097
2875	21	102	0.275097
2876	21	103	0.267004
2877	21	104	0.252779
2878	21	105	0.228218
2879	21	106	0.196646
2880	21	107	0.167688
2881	21	108	0.143951
2882	21	109	0.125469
2883	21	110	0.113706
2884	21	111	0.10597
2885	21	112	0.0989335
2886	21	113	0.0939036
2887	21	114	0.0929201
2888	21	115	0.0926759
2889	21	116	0.0900817
2890	21	117	0.0866163
2891	21	118	0.0854083
2892	21	119	0.0861806
2893	21	120	0.0858968
2894	21	121	0.0838439
2895	21	122	0.0778636
2896	21	123	0.0698237
2897	21	124	0.0641404
2898	21	125	0.0656413
2899	21	126	0.068071
2900	21	127	0.064617
2901	21	128	0.0622951
2902	21	129	0.0611057
2903	21	130	0.0563418
2904	22	0	0.0673792
2905	22	1	0.0698419
2906	22	2	0.0734884
2907	22	3	0.078319
2908	22	4	0.0843337
2909	22	5	0.0915327
2910	22	6	0.0999158
2911	22	7	0.109483
2912	22	8	0.12098
2913	22	9	0.134281
2914	22	10	0.144204
2915	22	11	0.154513
2916	22	12	0.169548
2917	22	13	0.187676
2918	22	14	0.207865
2919	22	15	0.23119
2920	22	16	0.251552
2921	22	17	0.272815
2922	22	18	0.302025
2923	22	19	0.336906
2924	22	20	0.37024
2925	22	21	0.404648
2926	22	22	0.439442
2927	22	23	0.475525
2928	22	24	0.529006
2929	22	25	0.588887
2930	22	26	0.645073
2931	22	27	0.692755
2932	22	28	0.72669
2933	22	29	0.754268
2934	22	30	0.791898
2935	22	31	0.839579
2936	22	32	0.875748
2937	22	33	0.901092
2938	22	34	0.93245
2939	22	35	0.958009
2940	22	36	0.986979
2941	22	37	0.997799
2942	22	38	0.999474
2943	22	39	0.999749
2944	22	40	0.998624
2945	22	41	0.996101
2946	22	42	0.992182
2947	22	43	0.986863
2948	22	44	0.980145
2949	22	45	0.971871
2950	22	46	0.962202
2951	22	47	0.951134
2952	22	48	0.938667
2953	22	49	0.924802
2954	22	50	0.912867
2955	22	51	0.903971
2956	22	52	0.90019
2957	22	53	0.907923
2958	22	54	0.919778
2959	22	55	0.922356
2960	22	56	0.922356
2961	22	57	0.932408
2962	22	58	0.951824
2963	22	59	0.963078
2964	22	60	0.964539
2965	22	61	0.96325
2966	22	62	0.961446
2967	22	63	0.958611
2968	22	64	0.958869
2969	22	65	0.961489
2970	22	66	0.96063
2971	22	67	0.95032
2972	22	68	0.933052
2973	22	69	0.91123
2974	22	70	0.879443
2975	22	71	0.838119
2976	22	72	0.790867
2977	22	73	0.745247
2978	22	74	0.709808
2979	22	75	0.686526
2980	22	76	0.669301
2981	22	77	0.647823
2982	22	78	0.61088
2983	22	79	0.571618
2984	22	80	0.542064
2985	22	81	0.521918
2986	22	82	0.508086
2987	22	83	0.498421
2988	22	84	0.489314
2989	22	85	0.478146
2990	22	86	0.46586
2991	22	87	0.448549
2992	22	88	0.426212
2993	22	89	0.400438
2994	22	90	0.376211
2995	22	91	0.364183
2996	22	92	0.352756
2997	22	93	0.334113
2998	22	94	0.311776
2999	22	95	0.290384
3000	22	96	0.271698
3001	22	97	0.25821
3002	22	98	0.247514
3003	22	99	0.237204
3004	22	100	0.233768
3005	22	101	0.234197
3006	22	102	0.231276
3007	22	103	0.2232
3008	22	104	0.209712
3009	22	105	0.196181
3010	22	106	0.188793
3011	22	107	0.187203
3012	22	108	0.185571
3013	22	109	0.182392
3014	22	110	0.177667
3015	22	111	0.169076
3016	22	112	0.160871
3017	22	113	0.153397
3018	22	114	0.143388
3019	22	115	0.133508
3020	22	116	0.125991
3021	22	117	0.119805
3022	22	118	0.112202
3023	22	119	0.101377
3024	22	120	0.0889194
3025	22	121	0.0803281
3026	22	122	0.0780149
3027	22	123	0.0732974
3028	22	124	0.0688403
3029	22	125	0.0649769
3030	22	126	0.0617071
3031	22	127	0.0590307
3032	22	128	0.0569479
3033	22	129	0.0554588
3034	22	130	0.0545633
3035	22	131	0.0493021
3036	23	0	0.0642098
3037	23	1	0.0657098
3038	23	2	0.0682843
3039	23	3	0.0739684
3040	23	4	0.0801032
3041	23	5	0.0831494
3042	23	6	0.097858
3043	23	7	0.120327
3044	23	8	0.136174
3045	23	9	0.154105
3046	23	10	0.174194
3047	23	11	0.197528
3048	23	12	0.227316
3049	23	13	0.254702
3050	23	14	0.283833
3051	23	15	0.322368
3052	23	16	0.36595
3053	23	17	0.405593
3054	23	18	0.434585
3055	23	19	0.460808
3056	23	20	0.489046
3057	23	21	0.513925
3058	23	22	0.533445
3059	23	23	0.545765
3060	23	24	0.573042
3061	23	25	0.62377
3062	23	26	0.666434
3063	23	27	0.680759
3064	23	28	0.689278
3065	23	29	0.726254
3066	23	30	0.755233
3067	23	31	0.767974
3068	23	32	0.799869
3069	23	33	0.849249
3070	23	34	0.896067
3071	23	35	0.912368
3072	23	36	0.919526
3073	23	37	0.942923
3074	23	38	0.967196
3075	23	39	0.974093
3076	23	40	0.961423
3077	23	41	0.962818
3078	23	42	0.965637
3079	23	43	0.94907
3080	23	44	0.925813
3081	23	45	0.909591
3082	23	46	0.905033
3083	23	47	0.878683
3084	23	48	0.850765
3085	23	49	0.87227
3086	23	50	0.901319
3087	23	51	0.924386
3088	23	52	0.948476
3089	23	53	0.968016
3090	23	54	0.982999
3091	23	55	0.993126
3092	23	56	0.998541
3093	23	57	0.999397
3094	23	58	0.9957
3095	23	59	0.987453
3096	23	60	0.974652
3097	23	61	0.957296
3098	23	62	0.928628
3099	23	63	0.894335
3100	23	64	0.85631
3101	23	65	0.81989
3102	23	66	0.778339
3103	23	67	0.740284
3104	23	68	0.723204
3105	23	69	0.701552
3106	23	70	0.659583
3107	23	71	0.618415
3108	23	72	0.587047
3109	23	73	0.552881
3110	23	74	0.524766
3111	23	75	0.512636
3112	23	76	0.498719
3113	23	77	0.484318
3114	23	78	0.466715
3115	23	79	0.441895
3116	23	80	0.419509
3117	23	81	0.401822
3118	23	82	0.390193
3119	23	83	0.377326
3120	23	84	0.362714
3121	23	85	0.350909
3122	23	86	0.333836
3123	23	87	0.320535
3124	23	88	0.313115
3125	23	89	0.306694
3126	23	90	0.298832
3127	23	91	0.292272
3128	23	92	0.276712
3129	23	93	0.250813
3130	23	94	0.247548
3131	23	95	0.244519
3132	23	96	0.227973
3133	23	97	0.217756
3134	23	98	0.214617
3135	23	99	0.203553
3136	23	100	0.185554
3137	23	101	0.165081
3138	23	102	0.152083
3139	23	103	0.150752
3140	23	104	0.149757
3141	23	105	0.142224
3142	23	106	0.1423
3143	23	107	0.144478
3144	23	108	0.132972
3145	23	109	0.117159
3146	23	110	0.111973
3147	23	111	0.108804
3148	23	112	0.102602
3149	23	113	0.094441
3150	23	114	0.0836255
3151	23	115	0.0728732
3152	23	116	0.0649185
3153	23	117	0.0549456
3154	23	118	0.0537195
3155	23	119	0.0537911
3156	23	120	0.0478799
3157	23	121	0.0397187
3158	23	122	0.0327457
3159	23	123	0.0288063
3160	23	124	0.0283639
3161	23	125	0.0297037
3162	23	126	0.0256842
3163	23	127	0.0218501
3164	23	128	0.019516
3165	23	129	0.0150667
3166	23	130	0.0129348
3167	23	131	0.012307
3168	23	132	0
3169	-1	0	0
3170	-1	1	0
3171	-1	2	0
3172	-1	3	0
3173	-1	4	0
3174	-1	5	0
3175	-1	6	0
3176	-1	7	0
3177	-1	8	0
3178	-1	9	0
3179	-1	10	0
3180	-1	11	0
3181	-1	12	0
3182	-1	13	0
3183	-1	14	0
3184	-1	15	0
3185	-1	16	0
3186	-1	17	0
3187	-1	18	0
3188	-1	19	0
3189	-1	20	0
3190	-1	21	0
3191	-1	22	0
3192	-1	23	0
3193	-1	24	0
3194	-1	25	0
3195	-1	26	0
3196	-1	27	0
3197	-1	28	0
3198	-1	29	0
3199	-1	30	0
3200	-1	31	0
3201	-1	32	0
3202	-1	33	0
3203	-1	34	0
3204	-1	35	0
3205	-1	36	0
3206	-1	37	0
3207	-1	38	0
3208	-1	39	0
3209	-1	40	0
3210	-1	41	0
3211	-1	42	0
3212	-1	43	0
3213	-1	44	0
3214	-1	45	0
3215	-1	46	0
3216	-1	47	0
3217	-1	48	0
3218	-1	49	0
3219	-1	50	0
3220	-1	51	0
3221	-1	52	0
3222	-1	53	0
3223	-1	54	0
3224	-1	55	0
3225	-1	56	0
3226	-1	57	0
3227	-1	58	0
3228	-1	59	0
3229	-1	60	0
3230	-1	61	0
3231	-1	62	0
3232	-1	63	0
3233	-1	64	0
3234	-1	65	0
3235	-1	66	0
3236	-1	67	0
3237	-1	68	0
3238	-1	69	0
3239	-1	70	0
3240	-1	71	0
3241	-1	72	0
3242	-1	73	0
3243	-1	74	0
3244	-1	75	0
3245	-1	76	0
3246	-1	77	0
3247	-1	78	0
3248	-1	79	0
3249	-1	80	0
3250	-1	81	0
3251	-1	82	0
3252	-1	83	0
3253	-1	84	0
3254	-1	85	0
3255	-1	86	0
3256	-1	87	0
3257	-1	88	0
3258	-1	89	0
3259	-1	90	0
3260	-1	91	0.0642485
3261	-1	92	0.0657494
3262	-1	93	0.0683255
3263	-1	94	0.074013
3264	-1	95	0.0801515
3265	-1	96	0.0831996
3266	-1	97	0.097917
3267	-1	98	0.1204
3268	-1	99	0.136256
3269	-1	100	0.154198
3270	-1	101	0.174299
3271	-1	102	0.197647
3272	-1	103	0.227453
3273	-1	104	0.254856
3274	-1	105	0.284004
3275	-1	106	0.322563
3276	-1	107	0.366171
3277	-1	108	0.405838
3278	-1	109	0.434847
3279	-1	110	0.461086
3280	-1	111	0.489341
3281	-1	112	0.514235
3282	-1	113	0.533767
3283	-1	114	0.546094
3284	-1	115	0.573388
3285	-1	116	0.624146
3286	-1	117	0.666836
3287	-1	118	0.68117
3288	-1	119	0.689694
3289	-1	120	0.726692
3290	-1	121	0.755689
3291	-1	122	0.768437
3292	-1	123	0.800352
3293	-1	124	0.849761
3294	-1	125	0.896608
3295	-1	126	0.912918
3296	-1	127	0.920081
3297	-1	128	0.943492
3298	-1	129	0.96778
3299	-1	130	0.974681
