0	0.0552689
1	0.0577815
2	0.0615405
3	0.0671788
4	0.0740076
5	0.081257
6	0.0900166
7	0.100517
8	0.112238
9	0.124184
10	0.137015
11	0.151497
12	0.168368
13	0.18658
14	0.206323
15	0.22755
16	0.248624
17	0.27234
18	0.301315
19	0.331642
20	0.359906
21	0.389135
22	0.419891
23	0.450742
24	0.484505
25	0.515965
26	0.545432
27	0.576263
28	0.606751
29	0.632825
30	0.655276
31	0.677975
32	0.699918
33	0.721075
34	0.743387
35	0.763997
36	0.780107
37	0.793005
38	0.806404
39	0.82336
40	0.839628
41	0.851842
42	0.865578
43	0.877558
44	0.887205
45	0.893208
46	0.898208
47	0.901959
48	0.901397
49	0.903325
50	0.906464
51	0.904087
52	0.899237
53	0.893675
54	0.888497
55	0.885523
56	0.880898
57	0.877348
58	0.874875
59	0.86947
60	0.860597
61	0.849931
62	0.840118
63	0.831981
64	0.824273
65	0.813187
66	0.795931
67	0.775899
68	0.764115
69	0.754073
70	0.742593
71	0.731109
72	0.724711
73	0.715295
74	0.706897
75	0.698529
76	0.687568
77	0.676049
78	0.664251
79	0.650607
80	0.635192
81	0.619906
82	0.601799
83	0.580011
84	0.557232
85	0.539538
86	0.526235
87	0.514627
88	0.49789
89	0.478555
90	0.461972
91	0.448593
92	0.434597
93	0.421868
94	0.411964
95	0.399744
96	0.388388
97	0.374704
98	0.358646
99	0.343699
100	0.331201
101	0.31817
102	0.306405
103	0.296977
104	0.285562
105	0.272567
106	0.259655
107	0.246671
108	0.236364
109	0.225475
110	0.213686
111	0.203531
112	0.195441
113	0.187482
114	0.177576
115	0.168799
116	0.160648
117	0.152458
118	0.144262
119	0.135293
120	0.126346
121	0.118842
122	0.110187
123	0.101884
124	0.0923684
125	0.0837371
126	0.0769511
127	0.0704064
128	0.063893
129	0.0590453
130	0.0560699
131	0.0525079
132	0.0552689
133	0.0577815
134	0.0615405
135	0.0671788
136	0.0740076
137	0.081257
138	0.0900166
139	0.100517
140	0.112238
141	0.124184
142	0.137015
143	0.151497
144	0.168368
145	0.18658
146	0.206323
147	0.22755
148	0.248624
149	0.27234
150	0.301315
151	0.331642
152	0.359906
153	0.389135
154	0.419891
155	0.450742
156	0.484505
157	0.515965
158	0.545432
159	0.576263
160	0.606751
161	0.632825
162	0.655276
163	0.677975
164	0.699918
165	0.721075
166	0.743387
167	0.763997
168	0.780107
169	0.793005
170	0.806404
171	0.82336
172	0.839628
173	0.851842
174	0.865578
175	0.877558
176	0.887205
177	0.893208
178	0.898208
179	0.901959
180	0.901397
181	0.903325
182	0.906464
183	0.904087
184	0.899237
185	0.893675
186	0.888497
187	0.885523
188	0.880898
189	0.877348
190	0.874875
191	0.86947
192	0.860597
193	0.849931
194	0.840118
195	0.831981
196	0.824273
197	0.813187
198	0.795931
199	0.775899
200	0.764115
201	0.754073
202	0.742593
203	0.731109
204	0.724711
205	0.715295
206	0.706897
207	0.698529
208	0.687568
209	0.676049
210	0.664251
211	0.650607
212	0.635192
213	0.619906
214	0.601799
215	0.580011
216	0.557232
217	0.539538
218	0.526235
219	0.514627
220	0.49789
221	0.478555
222	0.461972
223	0.448593
224	0.434597
225	0.421868
226	0.411964
227	0.399744
228	0.388388
229	0.374704
230	0.358646
231	0.343699
232	0.331201
233	0.31817
234	0.306405
235	0.296977
236	0.285562
237	0.272567
238	0.259655
239	0.246671
240	0.236364
241	0.225475
242	0.213686
243	0.203531
244	0.195441
245	0.187482
246	0.177576
247	0.168799
248	0.160648
249	0.152458
250	0.144262
251	0.135293
252	0.126346
253	0.118842
254	0.110187
255	0.101884
256	0.0923684
257	0.0837371
258	0.0769511
259	0.0704064
260	0.063893
261	0.0590453
262	0.0560699
263	0.0525079
264	0.0552689
265	0.0577815
266	0.0615405
267	0.0671788
268	0.0740076
269	0.081257
270	0.0900166
271	0.100517
272	0.112238
273	0.124184
274	0.137015
275	0.151497
276	0.168368
277	0.18658
278	0.206323
279	0.22755
280	0.248624
281	0.27234
282	0.301315
283	0.331642
284	0.359906
285	0.389135
286	0.419891
287	0.450742
288	0.484505
289	0.515965
290	0.545432
291	0.576263
292	0.606751
293	0.632825
294	0.655276
295	0.677975
296	0.699918
297	0.721075
298	0.743387
299	0.763997
300	0.780107
301	0.793005
302	0.806404
303	0.82336
304	0.839628
305	0.851842
306	0.865578
307	0.877558
308	0.887205
309	0.893208
310	0.898208
311	0.901959
312	0.901397
313	0.903325
314	0.906464
315	0.904087
316	0.899237
317	0.893675
318	0.888497
319	0.885523
320	0.880898
321	0.877348
322	0.874875
323	0.86947
324	0.860597
325	0.849931
326	0.840118
327	0.831981
328	0.824273
329	0.813187
330	0.795931
331	0.775899
332	0.764115
333	0.754073
334	0.742593
335	0.731109
336	0.724711
337	0.715295
338	0.706897
339	0.698529
340	0.687568
341	0.676049
342	0.664251
343	0.650607
344	0.635192
345	0.619906
346	0.601799
347	0.580011
348	0.557232
349	0.539538
350	0.526235
351	0.514627
352	0.49789
353	0.478555
354	0.461972
355	0.448593
356	0.434597
357	0.421868
358	0.411964
359	0.399744
360	0.388388
361	0.374704
362	0.358646
363	0.343699
364	0.331201
365	0.31817
366	0.306405
367	0.296977
368	0.285562
369	0.272567
370	0.259655
371	0.246671
372	0.236364
373	0.225475
374	0.213686
375	0.203531
376	0.195441
377	0.187482
378	0.177576
379	0.168799
380	0.160648
381	0.152458
382	0.144262
383	0.135293
384	0.126346
385	0.118842
386	0.110187
387	0.101884
388	0.0923684
389	0.0837371
390	0.0769511
391	0.0704064
392	0.063893
393	0.0590453
394	0.0560699
395	0.0525079
396	0.0552689
397	0.0577815
398	0.0615405
399	0.0671788
400	0.0740076
401	0.081257
402	0.0900166
403	0.100517
404	0.112238
405	0.124184
406	0.137015
407	0.151497
408	0.168368
409	0.18658
410	0.206323
411	0.22755
412	0.248624
413	0.27234
414	0.301315
415	0.331642
416	0.359906
417	0.389135
418	0.419891
419	0.450742
420	0.484505
421	0.515965
422	0.545432
423	0.576263
424	0.606751
425	0.632825
426	0.655276
427	0.677975
428	0.699918
429	0.721075
430	0.743387
431	0.763997
432	0.780107
433	0.793005
434	0.806404
435	0.82336
436	0.839628
437	0.851842
438	0.865578
439	0.877558
440	0.887205
441	0.893208
442	0.898208
443	0.901959
444	0.901397
445	0.903325
446	0.906464
447	0.904087
448	0.899237
449	0.893675
450	0.888497
451	0.885523
452	0.880898
453	0.877348
454	0.874875
455	0.86947
456	0.860597
457	0.849931
458	0.840118
459	0.831981
460	0.824273
461	0.813187
462	0.795931
463	0.775899
464	0.764115
465	0.754073
466	0.742593
467	0.731109
468	0.724711
469	0.715295
470	0.706897
471	0.698529
472	0.687568
473	0.676049
474	0.664251
475	0.650607
476	0.635192
477	0.619906
478	0.601799
479	0.580011
480	0.557232
481	0.539538
482	0.526235
483	0.514627
484	0.49789
485	0.478555
486	0.461972
487	0.448593
488	0.434597
489	0.421868
490	0.411964
491	0.399744
492	0.388388
493	0.374704
494	0.358646
495	0.343699
496	0.331201
497	0.31817
498	0.306405
499	0.296977
500	0.285562
501	0.272567
502	0.259655
503	0.246671
504	0.236364
505	0.225475
506	0.213686
507	0.203531
508	0.195441
509	0.187482
510	0.177576
511	0.168799
512	0.160648
513	0.152458
514	0.144262
515	0.135293
516	0.126346
517	0.118842
518	0.110187
519	0.101884
520	0.0923684
521	0.0837371
522	0.0769511
523	0.0704064
524	0.063893
525	0.0590453
526	0.0560699
527	0.0525079
528	0.0552689
529	0.0577815
530	0.0615405
531	0.0671788
532	0.0740076
533	0.081257
534	0.0900166
535	0.100517
536	0.112238
537	0.124184
538	0.137015
539	0.151497
540	0.168368
541	0.18658
542	0.206323
543	0.22755
544	0.248624
545	0.27234
546	0.301315
547	0.331642
548	0.359906
549	0.389135
550	0.419891
551	0.450742
552	0.484505
553	0.515965
554	0.545432
555	0.576263
556	0.606751
557	0.632825
558	0.655276
559	0.677975
560	0.699918
561	0.721075
562	0.743387
563	0.763997
564	0.780107
565	0.793005
566	0.806404
567	0.82336
568	0.839628
569	0.851842
570	0.865578
571	0.877558
572	0.887205
573	0.893208
574	0.898208
575	0.901959
576	0.901397
577	0.903325
578	0.906464
579	0.904087
580	0.899237
581	0.893675
582	0.888497
583	0.885523
584	0.880898
585	0.877348
586	0.874875
587	0.86947
588	0.860597
589	0.849931
590	0.840118
591	0.831981
592	0.824273
593	0.813187
594	0.795931
595	0.775899
596	0.764115
597	0.754073
598	0.742593
599	0.731109
600	0.724711
601	0.715295
602	0.706897
603	0.698529
604	0.687568
605	0.676049
606	0.664251
607	0.650607
608	0.635192
609	0.619906
610	0.601799
611	0.580011
612	0.557232
613	0.539538
614	0.526235
615	0.514627
616	0.49789
617	0.478555
618	0.461972
619	0.448593
620	0.434597
621	0.421868
622	0.411964
623	0.399744
624	0.388388
625	0.374704
626	0.358646
627	0.343699
628	0.331201
629	0.31817
630	0.306405
631	0.296977
632	0.285562
633	0.272567
634	0.259655
635	0.246671
636	0.236364
637	0.225475
638	0.213686
639	0.203531
640	0.195441
641	0.187482
642	0.177576
643	0.168799
644	0.160648
645	0.152458
646	0.144262
647	0.135293
648	0.126346
649	0.118842
650	0.110187
651	0.101884
652	0.0923684
653	0.0837371
654	0.0769511
655	0.0704064
656	0.063893
657	0.0590453
658	0.0560699
659	0.0525079
660	0.0552689
661	0.0577815
662	0.0615405
663	0.0671788
664	0.0740076
665	0.081257
666	0.0900166
667	0.100517
668	0.112238
669	0.124184
670	0.137015
671	0.151497
672	0.168368
673	0.18658
674	0.206323
675	0.22755
676	0.248624
677	0.27234
678	0.301315
679	0.331642
680	0.359906
681	0.389135
682	0.419891
683	0.450742
684	0.484505
685	0.515965
686	0.545432
687	0.576263
688	0.606751
689	0.632825
690	0.655276
691	0.677975
692	0.699918
693	0.721075
694	0.743387
695	0.763997
696	0.780107
697	0.793005
698	0.806404
699	0.82336
700	0.839628
701	0.851842
702	0.865578
703	0.877558
704	0.887205
705	0.893208
706	0.898208
707	0.901959
708	0.901397
709	0.903325
710	0.906464
711	0.904087
712	0.899237
713	0.893675
714	0.888497
715	0.885523
716	0.880898
717	0.877348
718	0.874875
719	0.86947
720	0.860597
721	0.849931
722	0.840118
723	0.831981
724	0.824273
725	0.813187
726	0.795931
727	0.775899
728	0.764115
729	0.754073
730	0.742593
731	0.731109
732	0.724711
733	0.715295
734	0.706897
735	0.698529
736	0.687568
737	0.676049
738	0.664251
739	0.650607
740	0.635192
741	0.619906
742	0.601799
743	0.580011
744	0.557232
745	0.539538
746	0.526235
747	0.514627
748	0.49789
749	0.478555
750	0.461972
751	0.448593
752	0.434597
753	0.421868
754	0.411964
755	0.399744
756	0.388388
757	0.374704
758	0.358646
759	0.343699
760	0.331201
761	0.31817
762	0.306405
763	0.296977
764	0.285562
765	0.272567
766	0.259655
767	0.246671
768	0.236364
769	0.225475
770	0.213686
771	0.203531
772	0.195441
773	0.187482
774	0.177576
775	0.168799
776	0.160648
777	0.152458
778	0.144262
779	0.135293
780	0.126346
781	0.118842
782	0.110187
783	0.101884
784	0.0923684
785	0.0837371
786	0.0769511
787	0.0704064
788	0.063893
789	0.0590453
790	0.0560699
791	0.0525079
792	0.0552689
793	0.0577815
794	0.0615405
795	0.0671788
796	0.0740076
797	0.081257
798	0.0900166
799	0.100517
800	0.112238
801	0.124184
802	0.137015
803	0.151497
804	0.168368
805	0.18658
806	0.206323
807	0.22755
808	0.248624
809	0.27234
810	0.301315
811	0.331642
812	0.359906
813	0.389135
814	0.419891
815	0.450742
816	0.484505
817	0.515965
818	0.545432
819	0.576263
820	0.606751
821	0.632825
822	0.655276
823	0.677975
824	0.699918
825	0.721075
826	0.743387
827	0.763997
828	0.780107
829	0.793005
830	0.806404
831	0.82336
832	0.839628
833	0.851842
834	0.865578
835	0.877558
836	0.887205
837	0.893208
838	0.898208
839	0.901959
840	0.901397
841	0.903325
842	0.906464
843	0.904087
844	0.899237
845	0.893675
846	0.888497
847	0.885523
848	0.880898
849	0.877348
850	0.874875
851	0.86947
852	0.860597
853	0.849931
854	0.840118
855	0.831981
856	0.824273
857	0.813187
858	0.795931
859	0.775899
860	0.764115
861	0.754073
862	0.742593
863	0.731109
864	0.724711
865	0.715295
866	0.706897
867	0.698529
868	0.687568
869	0.676049
870	0.664251
871	0.650607
872	0.635192
873	0.619906
874	0.601799
875	0.580011
876	0.557232
877	0.539538
878	0.526235
879	0.514627
880	0.49789
881	0.478555
882	0.461972
883	0.448593
884	0.434597
885	0.421868
886	0.411964
887	0.399744
888	0.388388
889	0.374704
890	0.358646
891	0.343699
892	0.331201
893	0.31817
894	0.306405
895	0.296977
896	0.285562
897	0.272567
898	0.259655
899	0.246671
900	0.236364
901	0.225475
902	0.213686
903	0.203531
904	0.195441
905	0.187482
906	0.177576
907	0.168799
908	0.160648
909	0.152458
910	0.144262
911	0.135293
912	0.126346
913	0.118842
914	0.110187
915	0.101884
916	0.0923684
917	0.0837371
918	0.0769511
919	0.0704064
920	0.063893
921	0.0590453
922	0.0560699
923	0.0525079
924	0.0552689
925	0.0577815
926	0.0615405
927	0.0671788
928	0.0740076
929	0.081257
930	0.0900166
931	0.100517
932	0.112238
933	0.124184
934	0.137015
935	0.151497
936	0.168368
937	0.18658
938	0.206323
939	0.22755
940	0.248624
941	0.27234
942	0.301315
943	0.331642
944	0.359906
945	0.389135
946	0.419891
947	0.450742
948	0.484505
949	0.515965
950	0.545432
951	0.576263
952	0.606751
953	0.632825
954	0.655276
955	0.677975
956	0.699918
957	0.721075
958	0.743387
959	0.763997
960	0.780107
961	0.793005
962	0.806404
963	0.82336
964	0.839628
965	0.851842
966	0.865578
967	0.877558
968	0.887205
969	0.893208
970	0.898208
971	0.901959
972	0.901397
973	0.903325
974	0.906464
975	0.904087
976	0.899237
977	0.893675
978	0.888497
979	0.885523
980	0.880898
981	0.877348
982	0.874875
983	0.86947
984	0.860597
985	0.849931
986	0.840118
987	0.831981
988	0.824273
989	0.813187
990	0.795931
991	0.775899
992	0.764115
993	0.754073
994	0.742593
995	0.731109
996	0.724711
997	0.715295
998	0.706897
999	0.698529
1000	0.687568
1001	0.676049
1002	0.664251
1003	0.650607
1004	0.635192
1005	0.619906
1006	0.601799
1007	0.580011
1008	0.557232
1009	0.539538
1010	0.526235
1011	0.514627
1012	0.49789
1013	0.478555
1014	0.461972
1015	0.448593
1016	0.434597
1017	0.421868
1018	0.411964
1019	0.399744
1020	0.388388
1021	0.374704
1022	0.358646
1023	0.343699
1024	0.331201
1025	0.31817
1026	0.306405
1027	0.296977
1028	0.285562
1029	0.272567
1030	0.259655
1031	0.246671
1032	0.236364
1033	0.225475
1034	0.213686
1035	0.203531
1036	0.195441
1037	0.187482
1038	0.177576
1039	0.168799
1040	0.160648
1041	0.152458
1042	0.144262
1043	0.135293
1044	0.126346
1045	0.118842
1046	0.110187
1047	0.101884
1048	0.0923684
1049	0.0837371
1050	0.0769511
1051	0.0704064
1052	0.063893
1053	0.0590453
1054	0.0560699
1055	0.0525079
1056	0.0552689
1057	0.0577815
1058	0.0615405
1059	0.0671788
1060	0.0740076
1061	0.081257
1062	0.0900166
1063	0.100517
1064	0.112238
1065	0.124184
1066	0.137015
1067	0.151497
1068	0.168368
1069	0.18658
1070	0.206323
1071	0.22755
1072	0.248624
1073	0.27234
1074	0.301315
1075	0.331642
1076	0.359906
1077	0.389135
1078	0.419891
1079	0.450742
1080	0.484505
1081	0.515965
1082	0.545432
1083	0.576263
1084	0.606751
1085	0.632825
1086	0.655276
1087	0.677975
1088	0.699918
1089	0.721075
1090	0.743387
1091	0.763997
1092	0.780107
1093	0.793005
1094	0.806404
1095	0.82336
1096	0.839628
1097	0.851842
1098	0.865578
1099	0.877558
1100	0.887205
1101	0.893208
1102	0.898208
1103	0.901959
1104	0.901397
1105	0.903325
1106	0.906464
1107	0.904087
1108	0.899237
1109	0.893675
1110	0.888497
1111	0.885523
1112	0.880898
1113	0.877348
1114	0.874875
1115	0.86947
1116	0.860597
1117	0.849931
1118	0.840118
1119	0.831981
1120	0.824273
1121	0.813187
1122	0.795931
1123	0.775899
1124	0.764115
1125	0.754073
1126	0.742593
1127	0.731109
1128	0.724711
1129	0.715295
1130	0.706897
1131	0.698529
1132	0.687568
1133	0.676049
1134	0.664251
1135	0.650607
1136	0.635192
1137	0.619906
1138	0.601799
1139	0.580011
1140	0.557232
1141	0.539538
1142	0.526235
1143	0.514627
1144	0.49789
1145	0.478555
1146	0.461972
1147	0.448593
1148	0.434597
1149	0.421868
1150	0.411964
1151	0.399744
1152	0.388388
1153	0.374704
1154	0.358646
1155	0.343699
1156	0.331201
1157	0.31817
1158	0.306405
1159	0.296977
1160	0.285562
1161	0.272567
1162	0.259655
1163	0.246671
1164	0.236364
1165	0.225475
1166	0.213686
1167	0.203531
1168	0.195441
1169	0.187482
1170	0.177576
1171	0.168799
1172	0.160648
1173	0.152458
1174	0.144262
1175	0.135293
1176	0.126346
1177	0.118842
1178	0.110187
1179	0.101884
1180	0.0923684
1181	0.0837371
1182	0.0769511
1183	0.0704064
1184	0.063893
1185	0.0590453
1186	0.0560699
1187	0.0525079
1188	0.0552689
1189	0.0577815
1190	0.0615405
1191	0.0671788
1192	0.0740076
1193	0.081257
1194	0.0900166
1195	0.100517
1196	0.112238
1197	0.124184
1198	0.137015
1199	0.151497
1200	0.168368
1201	0.18658
1202	0.206323
1203	0.22755
1204	0.248624
1205	0.27234
1206	0.301315
1207	0.331642
1208	0.359906
1209	0.389135
1210	0.419891
1211	0.450742
1212	0.484505
1213	0.515965
1214	0.545432
1215	0.576263
1216	0.606751
1217	0.632825
1218	0.655276
1219	0.677975
1220	0.699918
1221	0.721075
1222	0.743387
1223	0.763997
1224	0.780107
1225	0.793005
1226	0.806404
1227	0.82336
1228	0.839628
1229	0.851842
1230	0.865578
1231	0.877558
1232	0.887205
1233	0.893208
1234	0.898208
1235	0.901959
1236	0.901397
1237	0.903325
1238	0.906464
1239	0.904087
1240	0.899237
1241	0.893675
1242	0.888497
1243	0.885523
1244	0.880898
1245	0.877348
1246	0.874875
1247	0.86947
1248	0.860597
1249	0.849931
1250	0.840118
1251	0.831981
1252	0.824273
1253	0.813187
1254	0.795931
1255	0.775899
1256	0.764115
1257	0.754073
1258	0.742593
1259	0.731109
1260	0.724711
1261	0.715295
1262	0.706897
1263	0.698529
1264	0.687568
1265	0.676049
1266	0.664251
1267	0.650607
1268	0.635192
1269	0.619906
1270	0.601799
1271	0.580011
1272	0.557232
1273	0.539538
1274	0.526235
1275	0.514627
1276	0.49789
1277	0.478555
1278	0.461972
1279	0.448593
1280	0.434597
1281	0.421868
1282	0.411964
1283	0.399744
1284	0.388388
1285	0.374704
1286	0.358646
1287	0.343699
1288	0.331201
1289	0.31817
1290	0.306405
1291	0.296977
1292	0.285562
1293	0.272567
1294	0.259655
1295	0.246671
1296	0.236364
1297	0.225475
1298	0.213686
1299	0.203531
1300	0.195441
1301	0.187482
1302	0.177576
1303	0.168799
1304	0.160648
1305	0.152458
1306	0.144262
1307	0.135293
1308	0.126346
1309	0.118842
1310	0.110187
1311	0.101884
1312	0.0923684
1313	0.0837371
1314	0.0769511
1315	0.0704064
1316	0.063893
1317	0.0590453
1318	0.0560699
1319	0.0525079
1320	0.0552689
1321	0.0577815
1322	0.0615405
1323	0.0671788
1324	0.0740076
1325	0.081257
1326	0.0900166
1327	0.100517
1328	0.112238
1329	0.124184
1330	0.137015
1331	0.151497
1332	0.168368
1333	0.18658
1334	0.206323
1335	0.22755
1336	0.248624
1337	0.27234
1338	0.301315
1339	0.331642
1340	0.359906
1341	0.389135
1342	0.419891
1343	0.450742
1344	0.484505
1345	0.515965
1346	0.545432
1347	0.576263
1348	0.606751
1349	0.632825
1350	0.655276
1351	0.677975
1352	0.699918
1353	0.721075
1354	0.743387
1355	0.763997
1356	0.780107
1357	0.793005
1358	0.806404
1359	0.82336
1360	0.839628
1361	0.851842
1362	0.865578
1363	0.877558
1364	0.887205
1365	0.893208
1366	0.898208
1367	0.901959
1368	0.901397
1369	0.903325
1370	0.906464
1371	0.904087
1372	0.899237
1373	0.893675
1374	0.888497
1375	0.885523
1376	0.880898
1377	0.877348
1378	0.874875
1379	0.86947
1380	0.860597
1381	0.849931
1382	0.840118
1383	0.831981
1384	0.824273
1385	0.813187
1386	0.795931
1387	0.775899
1388	0.764115
1389	0.754073
1390	0.742593
1391	0.731109
1392	0.724711
1393	0.715295
1394	0.706897
1395	0.698529
1396	0.687568
1397	0.676049
1398	0.664251
1399	0.650607
1400	0.635192
1401	0.619906
1402	0.601799
1403	0.580011
1404	0.557232
1405	0.539538
1406	0.526235
1407	0.514627
1408	0.49789
1409	0.478555
1410	0.461972
1411	0.448593
1412	0.434597
1413	0.421868
1414	0.411964
1415	0.399744
1416	0.388388
1417	0.374704
1418	0.358646
1419	0.343699
1420	0.331201
1421	0.31817
1422	0.306405
1423	0.296977
1424	0.285562
1425	0.272567
1426	0.259655
1427	0.246671
1428	0.236364
1429	0.225475
1430	0.213686
1431	0.203531
1432	0.195441
1433	0.187482
1434	0.177576
1435	0.168799
1436	0.160648
1437	0.152458
1438	0.144262
1439	0.135293
1440	0.126346
1441	0.118842
1442	0.110187
1443	0.101884
1444	0.0923684
1445	0.0837371
1446	0.0769511
1447	0.0704064
1448	0.063893
1449	0.0590453
1450	0.0560699
1451	0.0525079
1452	0.0552689
1453	0.0577815
1454	0.0615405
1455	0.0671788
1456	0.0740076
1457	0.081257
1458	0.0900166
1459	0.100517
1460	0.112238
1461	0.124184
1462	0.137015
1463	0.151497
1464	0.168368
1465	0.18658
1466	0.206323
1467	0.22755
1468	0.248624
1469	0.27234
1470	0.301315
1471	0.331642
1472	0.359906
1473	0.389135
1474	0.419891
1475	0.450742
1476	0.484505
1477	0.515965
1478	0.545432
1479	0.576263
1480	0.606751
1481	0.632825
1482	0.655276
1483	0.677975
1484	0.699918
1485	0.721075
1486	0.743387
1487	0.763997
1488	0.780107
1489	0.793005
1490	0.806404
1491	0.82336
1492	0.839628
1493	0.851842
1494	0.865578
1495	0.877558
1496	0.887205
1497	0.893208
1498	0.898208
1499	0.901959
1500	0.901397
1501	0.903325
1502	0.906464
1503	0.904087
1504	0.899237
1505	0.893675
1506	0.888497
1507	0.885523
1508	0.880898
1509	0.877348
1510	0.874875
1511	0.86947
1512	0.860597
1513	0.849931
1514	0.840118
1515	0.831981
1516	0.824273
1517	0.813187
1518	0.795931
1519	0.775899
1520	0.764115
1521	0.754073
1522	0.742593
1523	0.731109
1524	0.724711
1525	0.715295
1526	0.706897
1527	0.698529
1528	0.687568
1529	0.676049
1530	0.664251
1531	0.650607
1532	0.635192
1533	0.619906
1534	0.601799
1535	0.580011
1536	0.557232
1537	0.539538
1538	0.526235
1539	0.514627
1540	0.49789
1541	0.478555
1542	0.461972
1543	0.448593
1544	0.434597
1545	0.421868
1546	0.411964
1547	0.399744
1548	0.388388
1549	0.374704
1550	0.358646
1551	0.343699
1552	0.331201
1553	0.31817
1554	0.306405
1555	0.296977
1556	0.285562
1557	0.272567
1558	0.259655
1559	0.246671
1560	0.236364
1561	0.225475
1562	0.213686
1563	0.203531
1564	0.195441
1565	0.187482
1566	0.177576
1567	0.168799
1568	0.160648
1569	0.152458
1570	0.144262
1571	0.135293
1572	0.126346
1573	0.118842
1574	0.110187
1575	0.101884
1576	0.0923684
1577	0.0837371
1578	0.0769511
1579	0.0704064
1580	0.063893
1581	0.0590453
1582	0.0560699
1583	0.0525079
1584	0.0552689
1585	0.0577815
1586	0.0615405
1587	0.0671788
1588	0.0740076
1589	0.081257
1590	0.0900166
1591	0.100517
1592	0.112238
1593	0.124184
1594	0.137015
1595	0.151497
1596	0.168368
1597	0.18658
1598	0.206323
1599	0.22755
1600	0.248624
1601	0.27234
1602	0.301315
1603	0.331642
1604	0.359906
1605	0.389135
1606	0.419891
1607	0.450742
1608	0.484505
1609	0.515965
1610	0.545432
1611	0.576263
1612	0.606751
1613	0.632825
1614	0.655276
1615	0.677975
1616	0.699918
1617	0.721075
1618	0.743387
1619	0.763997
1620	0.780107
1621	0.793005
1622	0.806404
1623	0.82336
1624	0.839628
1625	0.851842
1626	0.865578
1627	0.877558
1628	0.887205
1629	0.893208
1630	0.898208
1631	0.901959
1632	0.901397
1633	0.903325
1634	0.906464
1635	0.904087
1636	0.899237
1637	0.893675
1638	0.888497
1639	0.885523
1640	0.880898
1641	0.877348
1642	0.874875
1643	0.86947
1644	0.860597
1645	0.849931
1646	0.840118
1647	0.831981
1648	0.824273
1649	0.813187
1650	0.795931
1651	0.775899
1652	0.764115
1653	0.754073
1654	0.742593
1655	0.731109
1656	0.724711
1657	0.715295
1658	0.706897
1659	0.698529
1660	0.687568
1661	0.676049
1662	0.664251
1663	0.650607
1664	0.635192
1665	0.619906
1666	0.601799
1667	0.580011
1668	0.557232
1669	0.539538
1670	0.526235
1671	0.514627
1672	0.49789
1673	0.478555
1674	0.461972
1675	0.448593
1676	0.434597
1677	0.421868
1678	0.411964
1679	0.399744
1680	0.388388
1681	0.374704
1682	0.358646
1683	0.343699
1684	0.331201
1685	0.31817
1686	0.306405
1687	0.296977
1688	0.285562
1689	0.272567
1690	0.259655
1691	0.246671
1692	0.236364
1693	0.225475
1694	0.213686
1695	0.203531
1696	0.195441
1697	0.187482
1698	0.177576
1699	0.168799
1700	0.160648
1701	0.152458
1702	0.144262
1703	0.135293
1704	0.126346
1705	0.118842
1706	0.110187
1707	0.101884
1708	0.0923684
1709	0.0837371
1710	0.0769511
1711	0.0704064
1712	0.063893
1713	0.0590453
1714	0.0560699
1715	0.0525079
1716	0.0552689
1717	0.0577815
1718	0.0615405
1719	0.0671788
1720	0.0740076
1721	0.081257
1722	0.0900166
1723	0.100517
1724	0.112238
1725	0.124184
1726	0.137015
1727	0.151497
1728	0.168368
1729	0.18658
1730	0.206323
1731	0.22755
1732	0.248624
1733	0.27234
1734	0.301315
1735	0.331642
1736	0.359906
1737	0.389135
1738	0.419891
1739	0.450742
1740	0.484505
1741	0.515965
1742	0.545432
1743	0.576263
1744	0.606751
1745	0.632825
1746	0.655276
1747	0.677975
1748	0.699918
1749	0.721075
1750	0.743387
1751	0.763997
1752	0.780107
1753	0.793005
1754	0.806404
1755	0.82336
1756	0.839628
1757	0.851842
1758	0.865578
1759	0.877558
1760	0.887205
1761	0.893208
1762	0.898208
1763	0.901959
1764	0.901397
1765	0.903325
1766	0.906464
1767	0.904087
1768	0.899237
1769	0.893675
1770	0.888497
1771	0.885523
1772	0.880898
1773	0.877348
1774	0.874875
1775	0.86947
1776	0.860597
1777	0.849931
1778	0.840118
1779	0.831981
1780	0.824273
1781	0.813187
1782	0.795931
1783	0.775899
1784	0.764115
1785	0.754073
1786	0.742593
1787	0.731109
1788	0.724711
1789	0.715295
1790	0.706897
1791	0.698529
1792	0.687568
1793	0.676049
1794	0.664251
1795	0.650607
1796	0.635192
1797	0.619906
1798	0.601799
1799	0.580011
1800	0.557232
1801	0.539538
1802	0.526235
1803	0.514627
1804	0.49789
1805	0.478555
1806	0.461972
1807	0.448593
1808	0.434597
1809	0.421868
1810	0.411964
1811	0.399744
1812	0.388388
1813	0.374704
1814	0.358646
1815	0.343699
1816	0.331201
1817	0.31817
1818	0.306405
1819	0.296977
1820	0.285562
1821	0.272567
1822	0.259655
1823	0.246671
1824	0.236364
1825	0.225475
1826	0.213686
1827	0.203531
1828	0.195441
1829	0.187482
1830	0.177576
1831	0.168799
1832	0.160648
1833	0.152458
1834	0.144262
1835	0.135293
1836	0.126346
1837	0.118842
1838	0.110187
1839	0.101884
1840	0.0923684
1841	0.0837371
1842	0.0769511
1843	0.0704064
1844	0.063893
1845	0.0590453
1846	0.0560699
1847	0.0525079
1848	0.0552689
1849	0.0577815
1850	0.0615405
1851	0.0671788
1852	0.0740076
1853	0.081257
1854	0.0900166
1855	0.100517
1856	0.112238
1857	0.124184
1858	0.137015
1859	0.151497
1860	0.168368
1861	0.18658
1862	0.206323
1863	0.22755
1864	0.248624
1865	0.27234
1866	0.301315
1867	0.331642
1868	0.359906
1869	0.389135
1870	0.419891
1871	0.450742
1872	0.484505
1873	0.515965
1874	0.545432
1875	0.576263
1876	0.606751
1877	0.632825
1878	0.655276
1879	0.677975
1880	0.699918
1881	0.721075
1882	0.743387
1883	0.763997
1884	0.780107
1885	0.793005
1886	0.806404
1887	0.82336
1888	0.839628
1889	0.851842
1890	0.865578
1891	0.877558
1892	0.887205
1893	0.893208
1894	0.898208
1895	0.901959
1896	0.901397
1897	0.903325
1898	0.906464
1899	0.904087
1900	0.899237
1901	0.893675
1902	0.888497
1903	0.885523
1904	0.880898
1905	0.877348
1906	0.874875
1907	0.86947
1908	0.860597
1909	0.849931
1910	0.840118
1911	0.831981
1912	0.824273
1913	0.813187
1914	0.795931
1915	0.775899
1916	0.764115
1917	0.754073
1918	0.742593
1919	0.731109
1920	0.724711
1921	0.715295
1922	0.706897
1923	0.698529
1924	0.687568
1925	0.676049
1926	0.664251
1927	0.650607
1928	0.635192
1929	0.619906
1930	0.601799
1931	0.580011
1932	0.557232
1933	0.539538
1934	0.526235
1935	0.514627
1936	0.49789
1937	0.478555
1938	0.461972
1939	0.448593
1940	0.434597
1941	0.421868
1942	0.411964
1943	0.399744
1944	0.388388
1945	0.374704
1946	0.358646
1947	0.343699
1948	0.331201
1949	0.31817
1950	0.306405
1951	0.296977
1952	0.285562
1953	0.272567
1954	0.259655
1955	0.246671
1956	0.236364
1957	0.225475
1958	0.213686
1959	0.203531
1960	0.195441
1961	0.187482
1962	0.177576
1963	0.168799
1964	0.160648
1965	0.152458
1966	0.144262
1967	0.135293
1968	0.126346
1969	0.118842
1970	0.110187
1971	0.101884
1972	0.0923684
1973	0.0837371
1974	0.0769511
1975	0.0704064
1976	0.063893
1977	0.0590453
1978	0.0560699
1979	0.0525079
1980	0.0552689
1981	0.0577815
1982	0.0615405
1983	0.0671788
1984	0.0740076
1985	0.081257
1986	0.0900166
1987	0.100517
1988	0.112238
1989	0.124184
1990	0.137015
1991	0.151497
1992	0.168368
1993	0.18658
1994	0.206323
1995	0.22755
1996	0.248624
1997	0.27234
1998	0.301315
1999	0.331642
2000	0.359906
2001	0.389135
2002	0.419891
2003	0.450742
2004	0.484505
2005	0.515965
2006	0.545432
2007	0.576263
2008	0.606751
2009	0.632825
2010	0.655276
2011	0.677975
2012	0.699918
2013	0.721075
2014	0.743387
2015	0.763997
2016	0.780107
2017	0.793005
2018	0.806404
2019	0.82336
2020	0.839628
2021	0.851842
2022	0.865578
2023	0.877558
2024	0.887205
2025	0.893208
2026	0.898208
2027	0.901959
2028	0.901397
2029	0.903325
2030	0.906464
2031	0.904087
2032	0.899237
2033	0.893675
2034	0.888497
2035	0.885523
2036	0.880898
2037	0.877348
2038	0.874875
2039	0.86947
2040	0.860597
2041	0.849931
2042	0.840118
2043	0.831981
2044	0.824273
2045	0.813187
2046	0.795931
2047	0.775899
2048	0.764115
2049	0.754073
2050	0.742593
2051	0.731109
2052	0.724711
2053	0.715295
2054	0.706897
2055	0.698529
2056	0.687568
2057	0.676049
2058	0.664251
2059	0.650607
2060	0.635192
2061	0.619906
2062	0.601799
2063	0.580011
2064	0.557232
2065	0.539538
2066	0.526235
2067	0.514627
2068	0.49789
2069	0.478555
2070	0.461972
2071	0.448593
2072	0.434597
2073	0.421868
2074	0.411964
2075	0.399744
2076	0.388388
2077	0.374704
2078	0.358646
2079	0.343699
2080	0.331201
2081	0.31817
2082	0.306405
2083	0.296977
2084	0.285562
2085	0.272567
2086	0.259655
2087	0.246671
2088	0.236364
2089	0.225475
2090	0.213686
2091	0.203531
2092	0.195441
2093	0.187482
2094	0.177576
2095	0.168799
2096	0.160648
2097	0.152458
2098	0.144262
2099	0.135293
2100	0.126346
2101	0.118842
2102	0.110187
2103	0.101884
2104	0.0923684
2105	0.0837371
2106	0.0769511
2107	0.0704064
2108	0.063893
2109	0.0590453
2110	0.0560699
2111	0.0525079
2112	0.0552689
2113	0.0577815
2114	0.0615405
2115	0.0671788
2116	0.0740076
2117	0.081257
2118	0.0900166
2119	0.100517
2120	0.112238
2121	0.124184
2122	0.137015
2123	0.151497
2124	0.168368
2125	0.18658
2126	0.206323
2127	0.22755
2128	0.248624
2129	0.27234
2130	0.301315
2131	0.331642
2132	0.359906
2133	0.389135
2134	0.419891
2135	0.450742
2136	0.484505
2137	0.515965
2138	0.545432
2139	0.576263
2140	0.606751
2141	0.632825
2142	0.655276
2143	0.677975
2144	0.699918
2145	0.721075
2146	0.743387
2147	0.763997
2148	0.780107
2149	0.793005
2150	0.806404
2151	0.82336
2152	0.839628
2153	0.851842
2154	0.865578
2155	0.877558
2156	0.887205
2157	0.893208
2158	0.898208
2159	0.901959
2160	0.901397
2161	0.903325
2162	0.906464
2163	0.904087
2164	0.899237
2165	0.893675
2166	0.888497
2167	0.885523
2168	0.880898
2169	0.877348
2170	0.874875
2171	0.86947
2172	0.860597
2173	0.849931
2174	0.840118
2175	0.831981
2176	0.824273
2177	0.813187
2178	0.795931
2179	0.775899
2180	0.764115
2181	0.754073
2182	0.742593
2183	0.731109
2184	0.724711
2185	0.715295
2186	0.706897
2187	0.698529
2188	0.687568
2189	0.676049
2190	0.664251
2191	0.650607
2192	0.635192
2193	0.619906
2194	0.601799
2195	0.580011
2196	0.557232
2197	0.539538
2198	0.526235
2199	0.514627
2200	0.49789
2201	0.478555
2202	0.461972
2203	0.448593
2204	0.434597
2205	0.421868
2206	0.411964
2207	0.399744
2208	0.388388
2209	0.374704
2210	0.358646
2211	0.343699
2212	0.331201
2213	0.31817
2214	0.306405
2215	0.296977
2216	0.285562
2217	0.272567
2218	0.259655
2219	0.246671
2220	0.236364
2221	0.225475
2222	0.213686
2223	0.203531
2224	0.195441
2225	0.187482
2226	0.177576
2227	0.168799
2228	0.160648
2229	0.152458
2230	0.144262
2231	0.135293
2232	0.126346
2233	0.118842
2234	0.110187
2235	0.101884
2236	0.0923684
2237	0.0837371
2238	0.0769511
2239	0.0704064
2240	0.063893
2241	0.0590453
2242	0.0560699
2243	0.0525079
2244	0.0552689
2245	0.0577815
2246	0.0615405
2247	0.0671788
2248	0.0740076
2249	0.081257
2250	0.0900166
2251	0.100517
2252	0.112238
2253	0.124184
2254	0.137015
2255	0.151497
2256	0.168368
2257	0.18658
2258	0.206323
2259	0.22755
2260	0.248624
2261	0.27234
2262	0.301315
2263	0.331642
2264	0.359906
2265	0.389135
2266	0.419891
2267	0.450742
2268	0.484505
2269	0.515965
2270	0.545432
2271	0.576263
2272	0.606751
2273	0.632825
2274	0.655276
2275	0.677975
2276	0.699918
2277	0.721075
2278	0.743387
2279	0.763997
2280	0.780107
2281	0.793005
2282	0.806404
2283	0.82336
2284	0.839628
2285	0.851842
2286	0.865578
2287	0.877558
2288	0.887205
2289	0.893208
2290	0.898208
2291	0.901959
2292	0.901397
2293	0.903325
2294	0.906464
2295	0.904087
2296	0.899237
2297	0.893675
2298	0.888497
2299	0.885523
2300	0.880898
2301	0.877348
2302	0.874875
2303	0.86947
2304	0.860597
2305	0.849931
2306	0.840118
2307	0.831981
2308	0.824273
2309	0.813187
2310	0.795931
2311	0.775899
2312	0.764115
2313	0.754073
2314	0.742593
2315	0.731109
2316	0.724711
2317	0.715295
2318	0.706897
2319	0.698529
2320	0.687568
2321	0.676049
2322	0.664251
2323	0.650607
2324	0.635192
2325	0.619906
2326	0.601799
2327	0.580011
2328	0.557232
2329	0.539538
2330	0.526235
2331	0.514627
2332	0.49789
2333	0.478555
2334	0.461972
2335	0.448593
2336	0.434597
2337	0.421868
2338	0.411964
2339	0.399744
2340	0.388388
2341	0.374704
2342	0.358646
2343	0.343699
2344	0.331201
2345	0.31817
2346	0.306405
2347	0.296977
2348	0.285562
2349	0.272567
2350	0.259655
2351	0.246671
2352	0.236364
2353	0.225475
2354	0.213686
2355	0.203531
2356	0.195441
2357	0.187482
2358	0.177576
2359	0.168799
2360	0.160648
2361	0.152458
2362	0.144262
2363	0.135293
2364	0.126346
2365	0.118842
2366	0.110187
2367	0.101884
2368	0.0923684
2369	0.0837371
2370	0.0769511
2371	0.0704064
2372	0.063893
2373	0.0590453
2374	0.0560699
2375	0.0525079
2376	0.0552689
2377	0.0577815
2378	0.0615405
2379	0.0671788
2380	0.0740076
2381	0.081257
2382	0.0900166
2383	0.100517
2384	0.112238
2385	0.124184
2386	0.137015
2387	0.151497
2388	0.168368
2389	0.18658
2390	0.206323
2391	0.22755
2392	0.248624
2393	0.27234
2394	0.301315
2395	0.331642
2396	0.359906
2397	0.389135
2398	0.419891
2399	0.450742
2400	0.484505
2401	0.515965
2402	0.545432
2403	0.576263
2404	0.606751
2405	0.632825
2406	0.655276
2407	0.677975
2408	0.699918
2409	0.721075
2410	0.743387
2411	0.763997
2412	0.780107
2413	0.793005
2414	0.806404
2415	0.82336
2416	0.839628
2417	0.851842
2418	0.865578
2419	0.877558
2420	0.887205
2421	0.893208
2422	0.898208
2423	0.901959
2424	0.901397
2425	0.903325
2426	0.906464
2427	0.904087
2428	0.899237
2429	0.893675
2430	0.888497
2431	0.885523
2432	0.880898
2433	0.877348
2434	0.874875
2435	0.86947
2436	0.860597
2437	0.849931
2438	0.840118
2439	0.831981
2440	0.824273
2441	0.813187
2442	0.795931
2443	0.775899
2444	0.764115
2445	0.754073
2446	0.742593
2447	0.731109
2448	0.724711
2449	0.715295
2450	0.706897
2451	0.698529
2452	0.687568
2453	0.676049
2454	0.664251
2455	0.650607
2456	0.635192
2457	0.619906
2458	0.601799
2459	0.580011
2460	0.557232
2461	0.539538
2462	0.526235
2463	0.514627
2464	0.49789
2465	0.478555
2466	0.461972
2467	0.448593
2468	0.434597
2469	0.421868
2470	0.411964
2471	0.399744
2472	0.388388
2473	0.374704
2474	0.358646
2475	0.343699
2476	0.331201
2477	0.31817
2478	0.306405
2479	0.296977
2480	0.285562
2481	0.272567
2482	0.259655
2483	0.246671
2484	0.236364
2485	0.225475
2486	0.213686
2487	0.203531
2488	0.195441
2489	0.187482
2490	0.177576
2491	0.168799
2492	0.160648
2493	0.152458
2494	0.144262
2495	0.135293
2496	0.126346
2497	0.118842
2498	0.110187
2499	0.101884
2500	0.0923684
2501	0.0837371
2502	0.0769511
2503	0.0704064
2504	0.063893
2505	0.0590453
2506	0.0560699
2507	0.0525079
2508	0.0552689
2509	0.0577815
2510	0.0615405
2511	0.0671788
2512	0.0740076
2513	0.081257
2514	0.0900166
2515	0.100517
2516	0.112238
2517	0.124184
2518	0.137015
2519	0.151497
2520	0.168368
2521	0.18658
2522	0.206323
2523	0.22755
2524	0.248624
2525	0.27234
2526	0.301315
2527	0.331642
2528	0.359906
2529	0.389135
2530	0.419891
2531	0.450742
2532	0.484505
2533	0.515965
2534	0.545432
2535	0.576263
2536	0.606751
2537	0.632825
2538	0.655276
2539	0.677975
2540	0.699918
2541	0.721075
2542	0.743387
2543	0.763997
2544	0.780107
2545	0.793005
2546	0.806404
2547	0.82336
2548	0.839628
2549	0.851842
2550	0.865578
2551	0.877558
2552	0.887205
2553	0.893208
2554	0.898208
2555	0.901959
2556	0.901397
2557	0.903325
2558	0.906464
2559	0.904087
2560	0.899237
2561	0.893675
2562	0.888497
2563	0.885523
2564	0.880898
2565	0.877348
2566	0.874875
2567	0.86947
2568	0.860597
2569	0.849931
2570	0.840118
2571	0.831981
2572	0.824273
2573	0.813187
2574	0.795931
2575	0.775899
2576	0.764115
2577	0.754073
2578	0.742593
2579	0.731109
2580	0.724711
2581	0.715295
2582	0.706897
2583	0.698529
2584	0.687568
2585	0.676049
2586	0.664251
2587	0.650607
2588	0.635192
2589	0.619906
2590	0.601799
2591	0.580011
2592	0.557232
2593	0.539538
2594	0.526235
2595	0.514627
2596	0.49789
2597	0.478555
2598	0.461972
2599	0.448593
2600	0.434597
2601	0.421868
2602	0.411964
2603	0.399744
2604	0.388388
2605	0.374704
2606	0.358646
2607	0.343699
2608	0.331201
2609	0.31817
2610	0.306405
2611	0.296977
2612	0.285562
2613	0.272567
2614	0.259655
2615	0.246671
2616	0.236364
2617	0.225475
2618	0.213686
2619	0.203531
2620	0.195441
2621	0.187482
2622	0.177576
2623	0.168799
2624	0.160648
2625	0.152458
2626	0.144262
2627	0.135293
2628	0.126346
2629	0.118842
2630	0.110187
2631	0.101884
2632	0.0923684
2633	0.0837371
2634	0.0769511
2635	0.0704064
2636	0.063893
2637	0.0590453
2638	0.0560699
2639	0.0525079
2640	0.0552689
2641	0.0577815
2642	0.0615405
2643	0.0671788
2644	0.0740076
2645	0.081257
2646	0.0900166
2647	0.100517
2648	0.112238
2649	0.124184
2650	0.137015
2651	0.151497
2652	0.168368
2653	0.18658
2654	0.206323
2655	0.22755
2656	0.248624
2657	0.27234
2658	0.301315
2659	0.331642
2660	0.359906
2661	0.389135
2662	0.419891
2663	0.450742
2664	0.484505
2665	0.515965
2666	0.545432
2667	0.576263
2668	0.606751
2669	0.632825
2670	0.655276
2671	0.677975
2672	0.699918
2673	0.721075
2674	0.743387
2675	0.763997
2676	0.780107
2677	0.793005
2678	0.806404
2679	0.82336
2680	0.839628
2681	0.851842
2682	0.865578
2683	0.877558
2684	0.887205
2685	0.893208
2686	0.898208
2687	0.901959
2688	0.901397
2689	0.903325
2690	0.906464
2691	0.904087
2692	0.899237
2693	0.893675
2694	0.888497
2695	0.885523
2696	0.880898
2697	0.877348
2698	0.874875
2699	0.86947
2700	0.860597
2701	0.849931
2702	0.840118
2703	0.831981
2704	0.824273
2705	0.813187
2706	0.795931
2707	0.775899
2708	0.764115
2709	0.754073
2710	0.742593
2711	0.731109
2712	0.724711
2713	0.715295
2714	0.706897
2715	0.698529
2716	0.687568
2717	0.676049
2718	0.664251
2719	0.650607
2720	0.635192
2721	0.619906
2722	0.601799
2723	0.580011
2724	0.557232
2725	0.539538
2726	0.526235
2727	0.514627
2728	0.49789
2729	0.478555
2730	0.461972
2731	0.448593
2732	0.434597
2733	0.421868
2734	0.411964
2735	0.399744
2736	0.388388
2737	0.374704
2738	0.358646
2739	0.343699
2740	0.331201
2741	0.31817
2742	0.306405
2743	0.296977
2744	0.285562
2745	0.272567
2746	0.259655
2747	0.246671
2748	0.236364
2749	0.225475
2750	0.213686
2751	0.203531
2752	0.195441
2753	0.187482
2754	0.177576
2755	0.168799
2756	0.160648
2757	0.152458
2758	0.144262
2759	0.135293
2760	0.126346
2761	0.118842
2762	0.110187
2763	0.101884
2764	0.0923684
2765	0.0837371
2766	0.0769511
2767	0.0704064
2768	0.063893
2769	0.0590453
2770	0.0560699
2771	0.0525079
2772	0.0552689
2773	0.0577815
2774	0.0615405
2775	0.0671788
2776	0.0740076
2777	0.081257
2778	0.0900166
2779	0.100517
2780	0.112238
2781	0.124184
2782	0.137015
2783	0.151497
2784	0.168368
2785	0.18658
2786	0.206323
2787	0.22755
2788	0.248624
2789	0.27234
2790	0.301315
2791	0.331642
2792	0.359906
2793	0.389135
2794	0.419891
2795	0.450742
2796	0.484505
2797	0.515965
2798	0.545432
2799	0.576263
2800	0.606751
2801	0.632825
2802	0.655276
2803	0.677975
2804	0.699918
2805	0.721075
2806	0.743387
2807	0.763997
2808	0.780107
2809	0.793005
2810	0.806404
2811	0.82336
2812	0.839628
2813	0.851842
2814	0.865578
2815	0.877558
2816	0.887205
2817	0.893208
2818	0.898208
2819	0.901959
2820	0.901397
2821	0.903325
2822	0.906464
2823	0.904087
2824	0.899237
2825	0.893675
2826	0.888497
2827	0.885523
2828	0.880898
2829	0.877348
2830	0.874875
2831	0.86947
2832	0.860597
2833	0.849931
2834	0.840118
2835	0.831981
2836	0.824273
2837	0.813187
2838	0.795931
2839	0.775899
2840	0.764115
2841	0.754073
2842	0.742593
2843	0.731109
2844	0.724711
2845	0.715295
2846	0.706897
2847	0.698529
2848	0.687568
2849	0.676049
2850	0.664251
2851	0.650607
2852	0.635192
2853	0.619906
2854	0.601799
2855	0.580011
2856	0.557232
2857	0.539538
2858	0.526235
2859	0.514627
2860	0.49789
2861	0.478555
2862	0.461972
2863	0.448593
2864	0.434597
2865	0.421868
2866	0.411964
2867	0.399744
2868	0.388388
2869	0.374704
2870	0.358646
2871	0.343699
2872	0.331201
2873	0.31817
2874	0.306405
2875	0.296977
2876	0.285562
2877	0.272567
2878	0.259655
2879	0.246671
2880	0.236364
2881	0.225475
2882	0.213686
2883	0.203531
2884	0.195441
2885	0.187482
2886	0.177576
2887	0.168799
2888	0.160648
2889	0.152458
2890	0.144262
2891	0.135293
2892	0.126346
2893	0.118842
2894	0.110187
2895	0.101884
2896	0.0923684
2897	0.0837371
2898	0.0769511
2899	0.0704064
2900	0.063893
2901	0.0590453
2902	0.0560699
2903	0.0525079
2904	0.0552689
2905	0.0577815
2906	0.0615405
2907	0.0671788
2908	0.0740076
2909	0.081257
2910	0.0900166
2911	0.100517
2912	0.112238
2913	0.124184
2914	0.137015
2915	0.151497
2916	0.168368
2917	0.18658
2918	0.206323
2919	0.22755
2920	0.248624
2921	0.27234
2922	0.301315
2923	0.331642
2924	0.359906
2925	0.389135
2926	0.419891
2927	0.450742
2928	0.484505
2929	0.515965
2930	0.545432
2931	0.576263
2932	0.606751
2933	0.632825
2934	0.655276
2935	0.677975
2936	0.699918
2937	0.721075
2938	0.743387
2939	0.763997
2940	0.780107
2941	0.793005
2942	0.806404
2943	0.82336
2944	0.839628
2945	0.851842
2946	0.865578
2947	0.877558
2948	0.887205
2949	0.893208
2950	0.898208
2951	0.901959
2952	0.901397
2953	0.903325
2954	0.906464
2955	0.904087
2956	0.899237
2957	0.893675
2958	0.888497
2959	0.885523
2960	0.880898
2961	0.877348
2962	0.874875
2963	0.86947
2964	0.860597
2965	0.849931
2966	0.840118
2967	0.831981
2968	0.824273
2969	0.813187
2970	0.795931
2971	0.775899
2972	0.764115
2973	0.754073
2974	0.742593
2975	0.731109
2976	0.724711
2977	0.715295
2978	0.706897
2979	0.698529
2980	0.687568
2981	0.676049
2982	0.664251
2983	0.650607
2984	0.635192
2985	0.619906
2986	0.601799
2987	0.580011
2988	0.557232
2989	0.539538
2990	0.526235
2991	0.514627
2992	0.49789
2993	0.478555
2994	0.461972
2995	0.448593
2996	0.434597
2997	0.421868
2998	0.411964
2999	0.399744
3000	0.388388
3001	0.374704
3002	0.358646
3003	0.343699
3004	0.331201
3005	0.31817
3006	0.306405
3007	0.296977
3008	0.285562
3009	0.272567
3010	0.259655
3011	0.246671
3012	0.236364
3013	0.225475
3014	0.213686
3015	0.203531
3016	0.195441
3017	0.187482
3018	0.177576
3019	0.168799
3020	0.160648
3021	0.152458
3022	0.144262
3023	0.135293
3024	0.126346
3025	0.118842
3026	0.110187
3027	0.101884
3028	0.0923684
3029	0.0837371
3030	0.0769511
3031	0.0704064
3032	0.063893
3033	0.0590453
3034	0.0560699
3035	0.0525079
3036	0.0552689
3037	0.0577815
3038	0.0615405
3039	0.0671788
3040	0.0740076
3041	0.081257
3042	0.0900166
3043	0.100517
3044	0.112238
3045	0.124184
3046	0.137015
3047	0.151497
3048	0.168368
3049	0.18658
3050	0.206323
3051	0.22755
3052	0.248624
3053	0.27234
3054	0.301315
3055	0.331642
3056	0.359906
3057	0.389135
3058	0.419891
3059	0.450742
3060	0.484505
3061	0.515965
3062	0.545432
3063	0.576263
3064	0.606751
3065	0.632825
3066	0.655276
3067	0.677975
3068	0.699918
3069	0.721075
3070	0.743387
3071	0.763997
3072	0.780107
3073	0.793005
3074	0.806404
3075	0.82336
3076	0.839628
3077	0.851842
3078	0.865578
3079	0.877558
3080	0.887205
3081	0.893208
3082	0.898208
3083	0.901959
3084	0.901397
3085	0.903325
3086	0.906464
3087	0.904087
3088	0.899237
3089	0.893675
3090	0.888497
3091	0.885523
3092	0.880898
3093	0.877348
3094	0.874875
3095	0.86947
3096	0.860597
3097	0.849931
3098	0.840118
3099	0.831981
3100	0.824273
3101	0.813187
3102	0.795931
3103	0.775899
3104	0.764115
3105	0.754073
3106	0.742593
3107	0.731109
3108	0.724711
3109	0.715295
3110	0.706897
3111	0.698529
3112	0.687568
3113	0.676049
3114	0.664251
3115	0.650607
3116	0.635192
3117	0.619906
3118	0.601799
3119	0.580011
3120	0.557232
3121	0.539538
3122	0.526235
3123	0.514627
3124	0.49789
3125	0.478555
3126	0.461972
3127	0.448593
3128	0.434597
3129	0.421868
3130	0.411964
3131	0.399744
3132	0.388388
3133	0.374704
3134	0.358646
3135	0.343699
3136	0.331201
3137	0.31817
3138	0.306405
3139	0.296977
3140	0.285562
3141	0.272567
3142	0.259655
3143	0.246671
3144	0.236364
3145	0.225475
3146	0.213686
3147	0.203531
3148	0.195441
3149	0.187482
3150	0.177576
3151	0.168799
3152	0.160648
3153	0.152458
3154	0.144262
3155	0.135293
3156	0.126346
3157	0.118842
3158	0.110187
3159	0.101884
3160	0.0923684
3161	0.0837371
3162	0.0769511
3163	0.0704064
3164	0.063893
3165	0.0590453
3166	0.0560699
3167	0.0525079
3168	0.0552689
3169	0.0577815
3170	0.0615405
3171	0.0671788
3172	0.0740076
3173	0.081257
3174	0.0900166
3175	0.100517
3176	0.112238
3177	0.124184
3178	0.137015
3179	0.151497
3180	0.168368
3181	0.18658
3182	0.206323
3183	0.22755
3184	0.248624
3185	0.27234
3186	0.301315
3187	0.331642
3188	0.359906
3189	0.389135
3190	0.419891
3191	0.450742
3192	0.484505
3193	0.515965
3194	0.545432
3195	0.576263
3196	0.606751
3197	0.632825
3198	0.655276
3199	0.677975
3200	0.699918
3201	0.721075
3202	0.743387
3203	0.763997
3204	0.780107
3205	0.793005
3206	0.806404
3207	0.82336
3208	0.839628
3209	0.851842
3210	0.865578
3211	0.877558
3212	0.887205
3213	0.893208
3214	0.898208
3215	0.901959
3216	0.901397
3217	0.903325
3218	0.906464
3219	0.904087
3220	0.899237
3221	0.893675
3222	0.888497
3223	0.885523
3224	0.880898
3225	0.877348
3226	0.874875
3227	0.86947
3228	0.860597
3229	0.849931
3230	0.840118
3231	0.831981
3232	0.824273
3233	0.813187
3234	0.795931
3235	0.775899
3236	0.764115
3237	0.754073
3238	0.742593
3239	0.731109
3240	0.724711
3241	0.715295
3242	0.706897
3243	0.698529
3244	0.687568
3245	0.676049
3246	0.664251
3247	0.650607
3248	0.635192
3249	0.619906
3250	0.601799
3251	0.580011
3252	0.557232
3253	0.539538
3254	0.526235
3255	0.514627
3256	0.49789
3257	0.478555
3258	0.461972
3259	0.448593
3260	0.434597
3261	0.421868
3262	0.411964
3263	0.399744
3264	0.388388
3265	0.374704
3266	0.358646
3267	0.343699
3268	0.331201
3269	0.31817
3270	0.306405
3271	0.296977
3272	0.285562
3273	0.272567
3274	0.259655
3275	0.246671
3276	0.236364
3277	0.225475
3278	0.213686
3279	0.203531
3280	0.195441
3281	0.187482
3282	0.177576
3283	0.168799
3284	0.160648
3285	0.152458
3286	0.144262
3287	0.135293
3288	0.126346
3289	0.118842
3290	0.110187
3291	0.101884
3292	0.0923684
3293	0.0837371
3294	0.0769511
3295	0.0704064
3296	0.063893
3297	0.0590453
3298	0.0560699
3299	0.0525079
3300	0.0552689
3301	0.0577815
3302	0.0615405
3303	0.0671788
3304	0.0740076
3305	0.081257
3306	0.0900166
3307	0.100517
3308	0.112238
3309	0.124184
3310	0.137015
3311	0.151497
3312	0.168368
3313	0.18658
3314	0.206323
3315	0.22755
3316	0.248624
3317	0.27234
3318	0.301315
3319	0.331642
3320	0.359906
3321	0.389135
3322	0.419891
3323	0.450742
3324	0.484505
3325	0.515965
3326	0.545432
3327	0.576263
3328	0.606751
3329	0.632825
3330	0.655276
3331	0.677975
3332	0.699918
3333	0.721075
3334	0.743387
3335	0.763997
3336	0.780107
3337	0.793005
3338	0.806404
3339	0.82336
3340	0.839628
3341	0.851842
3342	0.865578
3343	0.877558
3344	0.887205
3345	0.893208
3346	0.898208
3347	0.901959
3348	0.901397
3349	0.903325
3350	0.906464
3351	0.904087
3352	0.899237
3353	0.893675
3354	0.888497
3355	0.885523
3356	0.880898
3357	0.877348
3358	0.874875
3359	0.86947
3360	0.860597
3361	0.849931
3362	0.840118
3363	0.831981
3364	0.824273
3365	0.813187
3366	0.795931
3367	0.775899
3368	0.764115
3369	0.754073
3370	0.742593
3371	0.731109
3372	0.724711
3373	0.715295
3374	0.706897
3375	0.698529
3376	0.687568
3377	0.676049
3378	0.664251
3379	0.650607
3380	0.635192
3381	0.619906
3382	0.601799
3383	0.580011
3384	0.557232
3385	0.539538
3386	0.526235
3387	0.514627
3388	0.49789
3389	0.478555
3390	0.461972
3391	0.448593
3392	0.434597
3393	0.421868
3394	0.411964
3395	0.399744
3396	0.388388
3397	0.374704
3398	0.358646
3399	0.343699
3400	0.331201
3401	0.31817
3402	0.306405
3403	0.296977
3404	0.285562
3405	0.272567
3406	0.259655
3407	0.246671
3408	0.236364
3409	0.225475
3410	0.213686
3411	0.203531
3412	0.195441
3413	0.187482
3414	0.177576
3415	0.168799
3416	0.160648
3417	0.152458
3418	0.144262
3419	0.135293
3420	0.126346
3421	0.118842
3422	0.110187
3423	0.101884
3424	0.0923684
3425	0.0837371
3426	0.0769511
3427	0.0704064
3428	0.063893
3429	0.0590453
3430	0.0560699
3431	0.0525079
