0	135.9
1	137.9
2	140.2
3	143.8
4	146.4
5	147.9
6	148.4
7	150.3
8	153.9
9	154.3
10	147
11	139.7
12	138.8
13	136.3
14	131
15	125.7
16	121.5
17	116
18	111.3
19	106.9
20	99.2
21	91.6
22	86.2
23	81.6
24	77
25	75
26	77.3
27	79.2
28	79.4
29	78.5
30	78.6
31	77.3
32	75.5
33	77.3
34	79.6
35	79.9
36	80.3
37	79.7
38	76.7
39	73.4
40	70.3
41	68.1
42	63.6
43	60.4
44	61.1
45	59.7
46	57
47	53.4
48	48.1
49	43
50	37.9
51	33.2
52	30.4
53	29
54	28.5
55	26.4
56	23.2
57	21.7
58	21.2
59	20.5
60	21.1
61	22.3
62	23.3
63	23.1
64	21.2
65	17.9
66	15.3
67	14
68	14
69	14.7
70	14.2
71	14.8
72	16.1
73	16
74	15.6
75	15.7
76	16.8
77	18.5
78	19.1
79	19
80	18.8
81	17.7
82	17.7
83	17.7
84	17.1
85	18.2
86	20.6
87	23.5
88	26.7
89	28.5
90	29.9
91	34.6
92	39.6
93	42.8
94	47.4
95	52.4
96	55.7
97	59.5
98	63.2
99	67.7
100	71.2
101	74
102	77.6
103	78
104	78.7
105	80.7
106	79.5
107	78.7
108	80.1
109	80.3
110	79.6
111	77.6
112	76.1
113	76.6
114	77.4
115	80.2
116	83.5
117	86
118	87.8
119	89
120	91.3
121	93.7
122	96.7
123	99.4
124	101.8
125	103.3
126	104.2
127	105.5
128	104.7
129	103
130	103.3
131	104.5
132	105
133	107.3
134	109.9
135	111.3
136	114.7
137	120.7
138	126.1
139	129.2
140	133
141	138.4
142	143.1
143	144.1
144	141.3
145	138.2
146	134.5
147	131.3
148	125.8
149	119.6
150	113.8
151	108
152	104.2
153	100.6
154	98.4
155	99.7
156	102.8
157	100.8
158	97.2
159	94.5
160	92.1
161	88.8
162	87.3
163	85.9
164	83
165	81.3
166	78.6
167	76.3
168	75.4
169	77.6
170	79.9
171	80.4
172	81.3
173	81.7
174	79.7
175	78.2
176	75.7
177	71.7
178	68
179	63.1
180	58.1
181	53.3
182	49.9
183	48
184	45.4
185	43.1
186	42.2
187	41.9
188	41.1
189	39.2
190	37.4
191	35.7
192	34
193	32.1
194	31.9
195	31.6
196	30.9
197	30.2
198	27.4
199	24
200	21.4
201	19.9
202	18.7
203	18.6
204	20.1
205	22.5
206	24.2
207	26.6
208	28.6
209	30.9
210	34.3
211	38.2
212	43.4
213	48.8
214	54.9
215	60.7
216	64.9
217	69.2
218	71.9
219	72.8
220	76.8
221	83.2
222	88.4
223	92.4
224	96.4
225	101
226	105.8
227	112.4
228	117.8
229	119.1
230	120.2
231	125.2
232	128.7
233	129.6
234	135.4
235	143.7
236	152.5
237	163.2
238	172.8
239	176.8
240	178.9
241	186.4
242	193
243	190.9
244	187.5
245	186.5
246	185.1
247	184.9
248	182.2
249	175.3
250	170.4
251	168.7
252	163.3
253	151.9
254	142.9
255	141.5
256	148.2
257	156.5
258	156.1
259	148.4
260	143.5
261	142.3
262	139.1
263	136.4
264	140.5
265	148.1
266	150.1
267	150.9
268	144.8
269	132.5
270	128.9
271	129.4
272	125.7
273	121.4
274	117.9
275	113
276	107.6
277	100.1
278	97.2
279	94.5
280	90.6
281	88.8
282	83.4
283	76.9
284	72.4
285	67.3
286	62.3
287	59.4
288	57.4
289	59.4
290	62.2
291	63.3
292	64.8
293	65.5
294	64.8
295	63.7
296	61.8
297	59.4
298	56.9
299	53.2
300	48.1
301	40.6
302	33
303	27.7
304	22.1
305	17.7
306	15.4
307	14.4
308	14.1
309	13.2
310	12.5
311	12
312	12.9
313	14.9
314	15.3
315	15.7
316	16.9
317	17.9
318	18.4
319	19.5
320	21.5
321	24.1
322	27.2
323	30.8
324	34.7
325	38
326	42
327	49.4
328	59.3
329	68.4
330	79.2
331	91.8
332	104.9
333	117.1
334	130.2
335	146
336	163.4
337	177.6
338	189.3
339	199.3
340	213.7
341	231.1
342	241.4
343	247.4
344	253.2
345	260.5
346	264.3
347	260.9
348	252.9
349	252.5
350	255.3
351	254.2
352	247.3
353	236.4
354	231.7
355	229.1
356	222.9
357	216.5
358	211.7
359	209.5
360	206.8
361	199
362	192.9
363	188
364	182.3
365	178.2
366	172.5
367	166.7
368	163.7
369	159.2
370	152.2
371	144.9
372	143.3
373	143.7
374	139
375	134
376	131.9
377	132.4
378	132.2
379	130
380	125.6
381	119.2
382	116.3
383	115.1
384	110.4
385	104.7
386	101
387	98
388	92.6
389	85
390	78.3
391	74.2
392	71.5
393	70
394	67.3
395	64.5
396	62.3
397	60.6
398	59.9
399	58.3
400	55.3
401	52.2
402	51
403	49
404	46.2
405	44.1
406	41.9
407	39.4
408	37
409	33.8
410	30.6
411	28.2
412	25.7
413	23.4
414	20.5
415	18
416	16.7
417	16.2
418	16.3
419	16.7
420	16.5
421	16
422	15.9
423	16.2
424	17.6
425	19.8
426	23.1
427	25.9
428	28.1
429	32.4
430	36.7
431	39.2
432	42.3
433	47.2
434	52.6
435	60.1
436	69.9
437	77.2
438	82.7
439	90.8
440	101.1
441	111.2
442	121
443	132.2
444	144.9
445	155.7
446	162.5
447	168.2
448	174
449	179.8
450	185.7
451	192.1
452	198.6
453	204.9
454	209.8
455	215.8
456	220.3
457	222.1
458	227.6
459	230.2
460	227.4
461	229.7
462	234.4
463	235.3
464	234.1
465	231.9
466	227.6
467	221.3
468	216.5
469	214.6
470	212.7
471	212.1
472	213.8
473	212.2
474	208.1
475	204.1
476	199.8
477	194.2
478	193.3
479	196.4
480	196.1
481	195.5
482	194
483	190.3
484	186.1
485	182
486	176.7
487	172.3
488	168.7
489	166
490	162
491	154.1
492	147.7
493	141.1
494	135
495	132.2
496	129.7
497	126.5
498	124.8
499	121.9
500	118.1
501	115.7
502	113.1
503	111.5
504	109.9
505	109.1
506	108.4
507	107.6
508	106.7
509	105.6
510	103.7
511	103.1
512	103.7
513	103
514	102.2
515	100.8
516	99.9
517	99.2
518	98
519	95.9
520	93.7
521	92.3
522	91.9
523	90.1
524	85.5
525	82.2
526	80.5
527	78.9
528	77.4
529	75.9
530	73.9
531	71
532	69.5
533	69.1
534	67.8
535	67.9
536	67.7
537	65.6
538	65.9
539	67.9
540	66.7
541	64.8
542	62.7
543	60.3
544	57.9
545	54.5
546	50.8
547	47.9
548	47.1
549	46.6
550	43
551	37.8
552	35.5
553	34.4
554	33.5
555	34.6
556	34.9
557	33.4
558	33.7
559	33
560	31.6
561	31.4
562	29.6
563	27.6
564	26.2
565	24.3
566	22.1
567	19.4
568	16.5
569	15.9
570	14.6
571	13.3
572	12.8
573	11.6
574	11.1
575	10.8
576	9.8
577	8.9
578	9.5
579	9.9
580	9.2
581	7.9
582	6.8
583	6.3
584	5.9
585	5.3
586	5.4
587	6.3
588	6.7
589	7.3
590	8.6
591	9.7
592	10.8
593	12.1
594	13
595	12.9
596	12.5
597	12.6
598	12.1
599	11.4
600	11.6
601	11.8
602	11
603	9.9
604	9.1
605	9.8
606	12
607	14.6
608	16.8
609	18.1
610	19.2
611	21.9
612	25.5
613	28.3
614	30.8
615	34
616	38.1
617	40.5
618	42
619	44.3
620	47.1
621	50.1
622	53.5
623	56.1
624	58.1
625	60.8
626	62.8
627	64.3
628	65.9
629	67.8
630	69.7
631	71.4
632	73.4
633	75.1
634	75.2
635	74.9
636	75.2
637	75.6
638	75.1
639	73.1
640	72
641	71.3
642	70.6
643	69.5
644	68
645	68.6
646	70.9
647	71.9
648	71.4
649	70.9
650	72
651	75.1
652	76.1
653	75.3
654	73.9
655	73.3
656	74.4
657	75.5
658	76.7
659	78.3
660	80.2
661	81
662	80.9
663	80.3
664	79.8
665	80.5
666	81.5
667	82
668	81.4
669	78.5
670	74.8
671	71.9
672	68.9
673	66.3
674	64
675	62.1
676	60.5
677	58.6
678	57
679	55.4
680	52.8
681	51.2
682	49.9
683	47.8
684	45
685	41.9
686	39.1
687	37.2
688	35.8
689	33.7
690	31.6
691	29.4
692	27.1
693	24.5
694	21.6
695	18.4
696	15.9
697	14.6
698	13.4
699	11.9
700	11.3
701	11.7
702	11.4
703	10.7
704	10.8
705	11
706	11.3
707	12.7
708	14.1
709	14.9
710	15.3
711	14.7
712	13.2
713	12
714	11.1
715	10.1
716	8.8
717	7.7
718	6.7
719	5.1
720	3.7
721	2.6
722	1.9
723	1.6
724	1.3
725	0.7
726	0.1
727	0.1
728	0.5
729	0.9
730	1.1
731	1.7
732	2.2
733	2.3
734	3.1
735	4.1
736	4.2
737	4.3
738	4.4
739	4.5
740	4.2
741	4.9
742	6.1
743	6.2
744	6.5
745	7.6
746	7.5
747	7.3
748	7.9
749	9.2
750	10.6
751	11.6
752	13.6
753	14.3
754	14.5
755	16.9
756	19.1
757	20
758	21.9
759	23.5
760	23.9
761	24.7
762	25.2
763	25.5
764	25.7
765	25.3
766	24.4
767	23.3
768	22.6
769	22.8
770	23
771	24.2
772	27
773	29
774	29.8
775	33
776	37
777	41.3
778	46
779	48.6
780	51.2
781	55.9
782	59.5
783	62.5
784	68.4
785	73.6
786	77.8
787	79.4
788	78.8
789	77.3
790	76.8
791	79.5
792	81.2
793	78.8
794	77.1
795	77
796	77.8
797	77.1
798	73.3
799	71.4
800	71.9
801	74.2
802	75
803	72.1
804	69.3
805	68.5
806	68.3
807	65.8
808	58.4
809	54
810	56.8
811	58.8
812	57
813	54.6
814	52.9
815	52.6
816	51.7
817	50.3
818	50
819	49.7
820	48.1
821	45.6
822	42.3
823	39.9
824	40
825	39.9
826	38.7
827	37.6
828	38.3
829	39.6
830	39
831	38.5
832	38.9
833	38.9
834	39.6
835	38.6
836	36.1
837	35.3
838	34.6
839	32.7
840	30.2
841	27.5
842	26.2
843	24.8
844	23.3
845	22.7
846	20
847	17.5
848	15.6
849	12.9
850	11.4
851	12
852	12.5
853	11.6
854	9.5
855	7.8
856	8.3
857	9.3
858	9.5
859	9.8
860	10.4
861	10.6
862	10.1
863	8.5
864	6.9
865	6.6
866	6.6
867	6.5
868	5.4
869	3.4
870	2.4
871	1.9
872	1
873	0.3
874	0.2
875	0.2
876	0.2
877	1.6
878	4.5
879	6.7
880	7.4
881	8.7
882	10.3
883	10.5
884	10.4
885	10.5
886	12
887	15.2
888	17
889	15.6
890	13.1
891	12.3
892	14.2
893	14.6
894	14.4
895	16.4
896	19.6
897	23.4
898	24.8
899	23.8
900	23.9
901	26.2
902	28.6
903	29.6
904	30.8
905	33.2
906	35.8
907	38.4
908	41.4
909	43.9
910	45.1
911	47.8
912	52.1
913	57.2
914	61.6
915	64.8
916	68.3
917	71.3
918	74.5
919	77.5
920	78.2
921	78.5
922	81.6
923	84.1
924	85
925	84.1
926	83.8
927	86.3
928	88
929	89.5
930	92.9
931	98
932	101.7
933	104.1
934	105.8
935	105.7
936	106.2
937	106.9
938	106.3
939	104.6
940	104
941	106.9
942	107.7
943	104.5
944	105.4
945	108
946	108.3
947	108.6
948	109.5
949	110.9
950	112.3
951	114.5
952	116.9
953	118.5
954	119.2
955	118.6
956	114.7
957	109.5
958	108.3
959	110.9
960	113.7
961	116.4
962	117.9
963	116
964	115.1
965	112.1
966	106.6
967	102.4
968	100.3
969	100.7
970	99.3
971	95
972	89.7
973	83.4
974	78.6
975	77.8
976	75.5
977	70.9
978	69.2
979	69
980	66.4
981	61
982	55.7
983	51.9
984	48.1
985	46
986	44.5
987	40.3
988	34.5
989	29.8
990	26.2
991	22.4
992	20.1
993	19.4
994	19.5
995	18.7
996	17.2
997	15.4
998	13.8
999	13.5
1000	13.2
1001	12.6
1002	12.2
1003	12.4
1004	13
1005	13
1006	12.9
1007	14.1
1008	17
1009	20.4
1010	22.3
1011	22.9
1012	24.4
1013	29.7
1014	36.2
1015	40.4
1016	45.7
1017	53.1
1018	63.1
1019	74.2
1020	83.9
1021	91.7
1022	100.4
1023	111.8
1024	123
1025	134.1
1026	144.5
1027	155.6
1028	165.9
1029	173.2
1030	176.2
1031	178.7
1032	183.1
1033	193.5
1034	209.3
1035	221
1036	228.2
1037	230.4
1038	230.1
1039	232.4
1040	237.9
1041	243
1042	244.9
1043	244
1044	242.1
1045	235.8
1046	227.5
1047	218.2
1048	212.3
1049	211.9
1050	212.9
1051	210.3
1052	202.1
1053	194.5
1054	189.1
1055	185.3
1056	180.9
1057	175.4
1058	169.2
1059	167.7
1060	164.6
1061	155.7
1062	145.4
1063	136.8
1064	132.4
1065	134.4
1066	142.1
1067	146.2
1068	145.6
1069	143.9
1070	141.1
1071	138.4
1072	136.7
1073	136.3
1074	137.6
1075	138.3
1076	136.2
1077	129.4
1078	120.2
1079	113.6
1080	110.1
1081	108.4
1082	103.8
1083	95.8
1084	89.1
1085	84.7
1086	82.8
1087	83.2
1088	81.6
1089	78.2
1090	74.4
1091	69.9
1092	65.7
1093	62.2
1094	61
1095	60.2
1096	59
1097	57.6
1098	53.7
1099	48.3
1100	44.6
1101	42.4
1102	40.3
1103	39.7
1104	41.8
1105	41.8
1106	39.8
1107	38
1108	35.8
1109	33.7
1110	32.2
1111	31.3
1112	30.4
1113	29.1
1114	27.1
1115	23.8
1116	20.1
1117	18.2
1118	17.6
1119	18.1
1120	19.3
1121	20.4
1122	20.5
1123	19.4
1124	19.7
1125	21.4
1126	22.4
1127	23.7
1128	24.3
1129	24.3
1130	26
1131	29.2
1132	33.3
1133	37.9
1134	42.9
1135	47.3
1136	49.9
1137	51.1
1138	53.3
1139	56.2
1140	59.5
1141	64.1
1142	67.7
1143	69.1
1144	71
1145	73.3
1146	75
1147	78.2
1148	81.7
1149	84.4
1150	91.3
1151	97.8
1152	100.3
1153	102.1
1154	104.2
1155	105.4
1156	106.5
1157	106.3
1158	105.7
1159	108.2
1160	110
1161	116.4
1162	126.1
1163	138.4
1164	152.5
1165	161
1166	170.8
1167	182.1
1168	188.4
1169	194.3
1170	200.5
1171	205.4
1172	214.5
1173	219.9
1174	215.2
1175	207.6
1176	202.6
1177	204.4
1178	209.2
1179	213.3
1180	216
1181	216.7
1182	216.7
1183	213.4
1184	207.4
1185	200.1
1186	196.7
1187	193.6
1188	189.9
1189	186.4
1190	176.8
1191	167.2
1192	162.7
1193	157
1194	150.9
1195	148.5
1196	144.6
1197	141
1198	139.9
1199	139.3
1200	135.7
1201	129.4
1202	126.3
1203	127.4
1204	127.3
1205	126.8
1206	127.9
1207	127.4
1208	126.6
1209	126.1
1210	124.3
1211	122.2
1212	121.2
1213	121.7
1214	121.9
1215	118.3
1216	114.9
1217	115.4
1218	115.5
1219	113.6
1220	112.8
1221	111.8
1222	108
1223	106
1224	106.6
1225	104.8
1226	100.6
1227	96.6
1228	92.9
1229	89.6
1230	86.6
1231	84.5
1232	84.2
1233	85.4
1234	85.9
1235	83.6
1236	79.6
1237	75.9
1238	72.1
1239	68.3
1240	65.1
1241	62.1
1242	59.6
1243	57.3
1244	53.6
1245	48.7
1246	45.1
1247	41.9
1248	39.5
1249	39.3
1250	38.9
1251	38
1252	37
1253	35
1254	32.1
1255	29.6
1256	26.9
1257	24.5
1258	21.7
1259	19.7
1260	17.5
1261	14.2
1262	11.8
1263	10.3
1264	8.5
1265	7.3
1266	6.7
1267	6
1268	6.3
1269	6.9
1270	7.5
1271	7.4
1272	7.3
1273	7.9
1274	9.3
1275	10.5
1276	11.1
1277	11.8
1278	14.5
1279	17.6
1280	19.8
1281	22.1
1282	26
1283	31.8
1284	36.6
1285	40.8
1286	45.2
1287	49.4
1288	55.7
1289	62
1290	65.1
1291	68.4
1292	73.4
1293	79.1
1294	85.2
1295	92.2
1296	97.8
1297	101.8
1298	107.6
1299	115.3
1300	122.1
1301	128.5
1302	136.1
1303	143.4
1304	149.8
1305	157
1306	163.1
1307	167
1308	172.4
1309	177.1
1310	178.1
1311	178.1
1312	178.8
1313	178.4
1314	178.5
1315	181.5
1316	185
1317	186.2
1318	184.6
1319	181.5
1320	179.7
1321	180.9
1322	180.4
1323	178
1324	177.3
1325	179.6
1326	177.8
1327	172.2
1328	167.5
1329	163
1330	160.6
1331	157.9
1332	152.6
1333	147.8
1334	146.7
1335	145.7
1336	140.1
1337	132
1338	129.1
1339	129.4
1340	128.7
1341	126.7
1342	124.1
1343	121
1344	118.8
1345	115.4
1346	111.1
1347	109.3
1348	110.5
1349	111.3
1350	109.4
1351	105.1
1352	98.5
1353	94.1
1354	89.4
1355	85.7
1356	84.5
1357	83.5
1358	84.3
1359	84.3
1360	83.5
1361	83.1
1362	81.7
1363	82
1364	85.1
1365	87.4
1366	88.5
1367	88.5
1368	89.6
1369	90.2
1370	88.5
1371	87.1
1372	84.4
1373	81.8
1374	80.8
1375	78.4
1376	74.3
1377	70.7
1378	68.8
1379	66.9
1380	63
1381	59.1
1382	56.5
1383	55.1
1384	53.8
1385	51.7
1386	49.1
1387	46
1388	43.3
1389	39.9
1390	36.8
1391	35.4
1392	34
1393	31.9
1394	28.5
1395	23
1396	18.8
1397	16.6
1398	14.8
1399	12.8
1400	11.3
1401	10.3
1402	9.9
1403	10
1404	10
1405	11.9
1406	14.9
1407	17
1408	19.1
1409	22.4
1410	26.2
1411	29.8
1412	33.5
1413	37.1
1414	41.6
1415	47.3
1416	53.9
1417	60
1418	65.8
1419	72.1
1420	77
1421	79.1
1422	84.8
1423	95.5
1424	103
1425	108.2
1426	113.7
1427	115.9
1428	117
1429	120.9
1430	124.6
1431	129.5
1432	140.7
1433	156.2
1434	169.5
1435	176.4
1436	183.4
1437	193.6
1438	202.6
1439	212.5
1440	223.4
1441	230
1442	232.5
1443	234
1444	233.7
1445	232.9
1446	231
1447	225.8
1448	220.7
1449	215.6
1450	208.7
1451	200.8
1452	193.9
1453	188.2
1454	184.9
1455	183.9
1456	179.7
1457	171.8
1458	164.9
1459	163.6
1460	165
1461	164
1462	165.2
1463	168.5
1464	169.9
1465	169.9
1466	170
1467	169.6
1468	169.3
1469	168.2
1470	162.3
1471	153.6
1472	146.4
1473	142
1474	135.6
1475	127.1
1476	119.3
1477	112.9
1478	108.7
1479	103.9
1480	97.4
1481	90.7
1482	87.4
1483	86.7
1484	86.3
1485	85.9
1486	84.1
1487	81.9
1488	79.2
1489	75.9
1490	71.3
1491	65.2
1492	61.3
1493	60.2
1494	57.7
1495	54.4
1496	49.6
1497	42.5
1498	37.5
1499	34.2
1500	31.9
1501	29.8
1502	28.4
1503	27.9
1504	27.3
1505	25.2
1506	22.9
1507	20.9
1508	19.5
1509	19.3
1510	19.4
1511	20.1
1512	19.6
1513	19
1514	19.5
1515	19.8
1516	18.1
1517	17.7
1518	19.8
1519	21.8
1520	22
1521	21.2
1522	21.5
1523	21.4
1524	21.2
1525	21.1
1526	19.2
1527	17.6
1528	17.2
1529	15.8
1530	13.6
1531	12
1532	11
1533	10.2
1534	8.9
1535	7.8
1536	6.7
1537	5.9
1538	5.6
1539	5
1540	4
1541	3.9
1542	4.1
1543	3.7
1544	4.1
1545	5.4
1546	6.2
1547	7
1548	8.4
1549	9.5
1550	11.6
1551	15.1
1552	18.3
1553	20.5
1554	22.9
1555	26.4
1556	29.4
1557	33
1558	39.8
1559	46.1
1560	49.4
1561	52.2
1562	54.6
1563	57.3
1564	61.3
1565	65.8
1566	69.4
1567	72.6
1568	78.3
1569	82.8
1570	82.6
1571	83.2
1572	86.4
1573	89.3
1574	91.1
1575	92.8
1576	95.1
1577	99.2
1578	103.7
1579	104.1
1580	100.8
1581	97.4
1582	96.5
1583	96.4
1584	98.1
1585	99.8
1586	100.5
1587	100
1588	96.7
1589	94.1
1590	90.9
1591	90.8
1592	95.4
1593	98.2
1594	98.2
1595	99.6
1596	101.3
1597	103.7
1598	108.2
1599	113.1
1600	119
1601	121.7
1602	123.7
1603	124.4
1604	120.8
1605	119.5
1606	120.9
1607	119
1608	113.2
1609	107.8
1610	102.5
1611	98
1612	94.4
1613	90.3
1614	89.3
1615	92
1616	95.1
1617	95.7
1618	93.7
1619	91.6
1620	90.5
1621	88.4
1622	85.7
1623	81.6
1624	79
1625	78.7
1626	75
1627	68.2
1628	61.7
1629	56.9
1630	53.3
1631	50
1632	45.7
1633	43
1634	41
1635	38.8
1636	34.2
1637	28
1638	24.7
1639	23.1
1640	21.9
1641	21.7
1642	21
1643	19.9
1644	20.2
1645	21.2
1646	21.9
1647	21.7
1648	21.5
1649	21.6
1650	20.6
1651	19.1
1652	17.1
1653	14.4
1654	13.2
1655	13
1656	12.9
1657	12.2
1658	10.4
1659	9.7
1660	9.7
1661	9.5
1662	9.2
1663	8.8
1664	9.2
1665	10.9
1666	12
1667	11.8
1668	11.1
1669	10.4
1670	10.7
1671	10.5
1672	9.8
1673	9.5
1674	9.5
1675	9.3
1676	9.1
1677	8.4
1678	8.3
1679	9.7
1680	10.9
1681	11.7
1682	12.3
1683	14.4
1684	16.2
1685	17.9
1686	21.7
1687	27.5
1688	34.1
1689	39
1690	43.3
1691	48.7
1692	53.7
1693	57.7
1694	63.2
1695	70.8
1696	77.3
1697	83.5
1698	89.5
1699	94.2
1700	97.4
1701	103.3
1702	108.7
1703	110.6
1704	113.6
1705	118.4
1706	122
1707	122.2
1708	123.1
1709	125.5
1710	127.2
1711	128.5
1712	130.2
1713	133
1714	136
1715	137.7
1716	139
1717	140.8
1718	142.4
1719	143.8
1720	143.6
1721	142.3
1722	142.9
1723	144.7
1724	146.5
1725	143.7
1726	138.7
1727	137.6
1728	136
1729	132.4
1730	128.6
1731	126
1732	125.4
1733	125.7
1734	123
1735	118.8
1736	112.8
1737	108.7
1738	108
1739	106.9
1740	105.8
1741	105.9
1742	104.2
1743	101.2
1744	99.9
1745	96.9
1746	91.9
1747	87.5
1748	85.8
1749	82.7
1750	80.1
1751	77.6
1752	74.2
1753	71.7
1754	70.5
1755	69.4
1756	65.8
1757	63.4
1758	62
1759	58.8
1760	55
1761	53.4
1762	52.1
1763	50.2
1764	47.1
1765	44.4
1766	43.1
1767	42.8
1768	44
1769	43.5
1770	42.7
1771	43.9
1772	43.3
1773	42.7
1774	42.4
1775	42.9
1776	45.8
1777	46
1778	43.8
1779	41.2
1780	37.9
1781	36.4
1782	35.2
1783	33.8
1784	34
1785	32.3
1786	28.5
1787	25.2
1788	22.1
1789	20.3
1790	19.5
1791	19.1
1792	18.8
1793	18.2
1794	18.9
1795	18.8
1796	17.9
1797	17.6
1798	17.7
1799	17.7
1800	17.5
1801	16.5
1802	15.2
1803	13.7
1804	12.7
1805	11.3
1806	9.8
1807	9
1808	8.1
1809	7.3
1810	6.5
1811	5.4
1812	4.7
1813	4.6
1814	5
1815	5.2
1816	5.5
1817	6.1
1818	5.6
1819	4.8
1820	4.5
1821	4.6
1822	5.2
1823	6.5
1824	7.8
1825	8.4
1826	8.6
1827	10
1828	11.3
1829	13.1
1830	15.8
1831	17.6
1832	20.5
1833	24.2
1834	26.3
1835	28.1
1836	32.1
1837	37.6
1838	42.3
1839	44.4
1840	46.6
1841	49.4
1842	52.3
1843	55.8
1844	59.1
1845	62.7
1846	66.1
1847	68.5
1848	69.1
1849	69.3
1850	71.5
1851	77.4
1852	83
1853	84.1
1854	84.4
1855	85.5
1856	87.6
1857	89.1
1858	90.9
1859	94.4
1860	100.9
1861	105.7
1862	105.1
1863	100.7
1864	97.5
1865	99.1
1866	100.9
1867	102.6
1868	105.7
1869	107.1
1870	106.4
1871	102.2
1872	93.2
1873	89.1
1874	91.9
1875	99.4
1876	104.5
1877	104
1878	102.8
1879	100.2
1880	94.9
1881	91.6
1882	94
1883	99.4
1884	104.2
1885	104.6
1886	100.8
1887	93.1
1888	85.7
1889	83.8
1890	84
1891	84.4
1892	84.3
1893	86.1
1894	88.7
1895	86.6
1896	83.1
1897	81.5
1898	82.2
1899	84.3
1900	87.8
1901	88.6
1902	86.5
1903	84.4
1904	82.4
1905	77.4
1906	69.4
1907	67.9
1908	70.4
1909	72.1
1910	71
1911	67.9
1912	63.7
1913	58.9
1914	56.3
1915	54.6
1916	52.4
1917	50.1
1918	48.4
1919	46.2
1920	41.2
1921	34.4
1922	29.4
1923	26.2
1924	23.7
1925	23.3
1926	23
1927	21.4
1928	20
1929	18.7
1930	16.6
1931	12.6
1932	10.1
1933	9.8
1934	9.3
1935	8.5
1936	7.7
1937	6.6
1938	5.5
1939	5.3
1940	5.4
1941	5.1
1942	5.2
1943	5.7
1944	5.6
1945	5.7
1946	6.1
1947	6.5
1948	6.4
1949	5.8
1950	5.2
1951	4.7
1952	4.3
1953	4.2
1954	3.6
1955	2.9
1956	2.8
1957	2.6
1958	2.5
1959	2.5
1960	2.6
1961	4
1962	5.5
1963	6.6
1964	7.7
1965	8.5
1966	9.8
1967	10.9
1968	12.4
1969	14.8
1970	17.5
1971	21.6
1972	26.8
1973	31
1974	34.6
1975	40.5
1976	49.1
1977	58
1978	64.8
1979	70.5
1980	75.5
1981	78.1
1982	80.5
1983	83
1984	85.8
1985	89.9
1986	94.9
1987	97.7
1988	96.4
1989	92.7
1990	90
1991	89.5
1992	91
1993	93.9
1994	97.2
1995	100.4
1996	103.4
1997	105.6
1998	108.5
1999	114.6
2000	122.4
2001	135.3
2002	149.5
2003	156.8
2004	160.4
2005	167.9
2006	174.7
2007	175.7
2008	173.6
2009	172.5
2010	170.3
2011	163.8
2012	159.1
2013	154.6
2014	147.5
2015	145
2016	145
2017	139.2
2018	131
2019	128.6
2020	129.2
2021	126.9
2022	125.7
2023	130
2024	130.6
2025	125.4
2026	121.4
2027	117.4
2028	112.3
2029	107.7
2030	106.2
2031	104.6
2032	103.1
2033	100.8
2034	94.4
2035	85.6
2036	78
2037	71.9
2038	67.2
2039	65.7
2040	64.4
2041	63.1
2042	61.3
2043	58.2
2044	53.4
2045	51.6
2046	52.1
2047	51
2048	51.6
2049	52.9
2050	51.8
2051	48.3
2052	45.5
2053	44.2
2054	42.2
2055	40.7
2056	42.5
2057	42.9
2058	40.5
2059	37.6
2060	33.5
2061	30.2
2062	28.2
2063	26.4
2064	24.9
2065	24
2066	23.2
2067	21
2068	15.7
2069	11.8
2070	11.1
2071	11
2072	10.7
2073	9.8
2074	10
2075	10.9
2076	11.5
2077	10.7
2078	9.4
2079	9.4
2080	9.5
2081	9.8
2082	11.3
2083	13.6
2084	16.3
2085	19.3
2086	21.5
2087	23.3
2088	25.1
2089	26.9
2090	28.2
2091	29.8
2092	32.2
2093	34.7
2094	37.7
2095	40.8
2096	43.2
2097	45.2
2098	48.9
2099	54.4
2100	59.9
2101	68.2
2102	78.5
2103	86.3
2104	92.6
2105	96.2
2106	98.2
2107	101.4
2108	104.2
2109	106.8
2110	108.5
2111	108.7
2112	109
2113	107.8
2114	107.2
2115	109.4
2116	111.6
2117	115.9
2118	120.7
2119	120.8
2120	120
2121	119.6
2122	119.6
2123	119.5
2124	119.4
2125	117.5
2126	115.2
2127	114
2128	113.7
2129	113.9
2130	112.9
2131	115
2132	120.2
2133	125.3
2134	128.9
2135	130.2
2136	128.9
2137	128.7
2138	128.7
2139	126.9
2140	123.7
2141	119.4
2142	116.1
2143	113.5
2144	110.2
2145	107
2146	101.9
2147	97.5
2148	99.2
2149	104.7
2150	107.9
2151	106.7
2152	104.7
2153	102.7
2154	100.2
2155	95.7
2156	89.3
2157	83.2
2158	80.2
2159	78.6
2160	74.1
2161	65.2
2162	56
2163	52
2164	51.2
2165	50.4
2166	49
2167	47.2
2168	46
2169	44.9
2170	43.1
2171	40.5
2172	37.7
2173	35.9
2174	35.2
2175	32.8
2176	29.2
2177	26.5
2178	24.6
2179	24.7
2180	24.6
2181	23.6
2182	22.1
2183	21
2184	20.2
2185	19
2186	18.6
2187	19.4
2188	20.1
2189	19.5
2190	17.9
2191	15.7
2192	14
2193	13.1
2194	12.7
2195	12.4
2196	11.5
2197	10.2
2198	8.8
2199	7.2
2200	5.8
2201	6
2202	7.7
2203	9
2204	9.5
2205	10.5
2206	11
2207	11.1
2208	11.9
2209	13.5
2210	15.6
2211	17.5
2212	19.7
2213	21.1
2214	21.7
2215	24.9
2216	29.3
2217	32.6
2218	36.7
2219	42.7
2220	49.8
2221	56.9
2222	63.1
2223	69.9
2224	77.4
2225	85.5
2226	91.8
2227	95.3
2228	98.3
2229	103.5
2230	109.8
2231	114.7
2232	120.7
2233	128.6
2234	137.7
2235	146.3
2236	150.5
2237	153.4
2238	160.1
2239	168.6
2240	179.2
2241	189.2
2242	194.4
2243	198.6
2244	198.3
2245	193
2246	188.3
2247	185.2
2248	184.8
2249	184.4
2250	184.6
2251	183
2252	182.2
2253	182.1
2254	179.8
2255	177.2
2256	178.7
2257	182.3
2258	181.4
2259	177.2
2260	172.8
2261	171.8
2262	171.8
2263	171.4
2264	166.9
2265	161.5
2266	162.4
2267	163.3
2268	158.8
2269	151.5
2270	145.9
2271	142.6
2272	142.6
2273	140.6
2274	132.7
2275	127.1
2276	123.8
2277	121.7
2278	118.5
2279	113
2280	110
2281	111.1
2282	112.6
2283	111.3
2284	107.7
2285	103.2
2286	99.5
2287	96.1
2288	94.4
2289	91.2
2290	88
2291	87.3
2292	85.3
2293	81.6
2294	78.5
2295	78.3
2296	79.4
2297	81.9
2298	83.6
2299	79.9
2300	73.1
2301	67
2302	60.8
2303	55.5
2304	53.1
2305	51.8
2306	49.4
2307	46.2
2308	42.6
2309	38.4
2310	35.2
2311	34.2
2312	33.6
2313	33.2
2314	32.7
2315	31.4
2316	29.2
2317	27.5
2318	26.6
2319	24
2320	20.9
2321	18
2322	15.4
2323	14.4
2324	13.6
2325	12.9
2326	13
2327	13.9
2328	14.6
2329	15.3
2330	17
2331	18.9
2332	20.4
2333	23.4
2334	27.5
2335	31.7
2336	36.4
2337	39.7
2338	41.7
2339	46.8
2340	52.8
2341	55.2
2342	57.1
2343	64.3
2344	73.2
2345	80.1
2346	86.9
2347	93.2
2348	101
2349	111.7
2350	121.5
2351	128
2352	135.7
2353	147.7
2354	157.7
2355	163.1
2356	167.3
2357	173.3
2358	182.8
2359	193.4
2360	199.2
2361	204.1
2362	211.2
2363	217.2
2364	218.7
2365	216.1
2366	214.1
2367	210.9
2368	206
2369	206.3
2370	207.1
2371	205.7
2372	205
2373	202.3
2374	198.9
2375	195.7
2376	192.2
2377	191.6
2378	193.5
2379	199.8
2380	209.1
2381	210.3
2382	203.8
2383	197.1
2384	193.4
2385	190.4
2386	188.5
2387	188.4
2388	190.9
2389	192.5
2390	190.3
2391	184.1
2392	176.1
2393	171.4
2394	169.4
2395	167.1
2396	162.8
2397	158.5
2398	150.7
2399	141
2400	131.6
2401	122.6
2402	116.4
2403	111.9
2404	106.7
2405	102.3
2406	101.2
2407	102.4
2408	101.6
2409	98.5
2410	98.9
2411	100.2
2412	99.5
2413	98.9
2414	97.3
2415	94
2416	89.8
2417	84
2418	75.3
2419	66.5
2420	61.5
2421	59.8
2422	56.2
2423	51.4
2424	48
2425	45.5
2426	44
2427	42.1
2428	40.3
2429	39.5
2430	38.8
2431	37.3
2432	34.6
2433	31
2434	28.6
2435	27.2
2436	25
2437	22
2438	18.5
2439	16.7
2440	16.6
2441	15.1
2442	12.8
2443	10.8
2444	9.3
2445	8.2
2446	6.3
2447	5.1
2448	5.5
2449	6.3
2450	7.9
2451	10.5
2452	11.4
2453	11.6
2454	13.8
2455	17.4
2456	20.5
2457	23.7
2458	28
2459	33.5
2460	41.2
2461	50
2462	57
2463	66
2464	78.8
2465	91.3
2466	103.5
2467	114.8
2468	125.8
2469	139.4
2470	154.7
2471	168.1
2472	180.4
2473	193.9
2474	206.1
2475	211.8
2476	214.5
2477	220.6
2478	226
2479	232.7
2480	241.1
2481	243.8
2482	246.8
2483	256.3
2484	262.7
2485	266.1
2486	271.1
2487	275.3
2488	279.3
2489	282.5
2490	284.4
2491	283.3
2492	281.8
2493	284.5
2494	285
2495	278.7
2496	271
2497	264.5
2498	262.3
2499	261.9
2500	260.3
2501	258.1
2502	255.9
2503	255.6
2504	252.9
2505	250.4
2506	247.1
2507	239.7
2508	233.9
2509	228.5
2510	220.6
2511	214.2
2512	207.1
2513	199.7
2514	194.2
2515	187.6
2516	182.5
2517	177
2518	172.1
2519	169.4
2520	165.7
2521	161.3
2522	153.8
2523	145
2524	138.6
2525	132.1
2526	124.5
2527	118.5
2528	113.6
2529	105.9
2530	97.5
2531	91.1
2532	85.1
2533	79.1
2534	75.3
2535	74.4
2536	74.3
2537	73
2538	71.7
2539	69.1
2540	64.2
2541	59.4
2542	56.7
2543	56.1
2544	55.9
2545	54.6
2546	52.5
2547	49.8
2548	46.7
2549	44
2550	42.9
2551	42.6
2552	42.1
2553	42.6
2554	42.6
2555	41.6
2556	41.1
2557	40.4
2558	39.7
2559	39
2560	38.6
2561	37.4
2562	34.2
2563	30.7
2564	28.1
2565	25.7
2566	22.3
2567	18.6
2568	16
2569	15
2570	15.2
2571	15.1
2572	14.6
2573	14.3
2574	15
2575	16.2
2576	17.2
2577	17.7
2578	18.4
2579	19.9
2580	21.2
2581	21.8
2582	22.6
2583	23.8
2584	25.2
2585	28.4
2586	32.1
2587	35.2
2588	39.7
2589	44.8
2590	49.2
2591	53.3
2592	57.9
2593	63.4
2594	71.4
2595	80.3
2596	89.5
2597	95.8
2598	99.4
2599	103
2600	106.2
2601	111.6
2602	116.5
2603	119.8
2604	123.9
2605	129.4
2606	133.3
2607	135
2608	134.9
2609	134.5
2610	137.6
2611	142.5
2612	145.3
2613	145.7
2614	148.2
2615	151.8
2616	152.4
2617	150.9
2618	148.9
2619	148.4
2620	151.5
2621	155.5
2622	156.6
2623	156
2624	155.7
2625	155.1
2626	152.9
2627	150.7
2628	150.4
2629	150.1
2630	149.9
2631	150.7
2632	149.2
2633	147.4
2634	148
2635	148.5
2636	149.5
2637	150.1
2638	150.3
2639	150.3
2640	149.8
2641	149.1
2642	147
2643	143
2644	137.6
2645	132.9
2646	126.5
2647	119
2648	113.8
2649	110.1
2650	105.3
2651	100.4
2652	96.5
2653	94.5
2654	92.7
2655	91.5
2656	93.2
2657	93.8
2658	94.7
2659	98.3
2660	100.3
2661	100.9
2662	102.6
2663	104
2664	103.3
2665	99.9
2666	96.6
2667	92.9
2668	88.2
2669	85.9
2670	83.3
2671	78.2
2672	72.3
2673	66.1
2674	62.8
2675	60.8
2676	57.9
2677	55.6
2678	53.4
2679	51.4
2680	49
2681	46.6
2682	45.4
2683	45
2684	46.8
2685	49.1
2686	48.5
2687	48.3
2688	49.4
2689	49.3
2690	48.6
2691	47.3
2692	45.8
2693	43.2
2694	39.3
2695	36.1
2696	33
2697	31.8
2698	30.6
2699	26.8
2700	24.2
2701	23.2
2702	21.8
2703	20.7
2704	20.9
2705	22.3
2706	23.3
2707	23.6
2708	22.1
2709	19.2
2710	17.8
2711	18.4
2712	18.3
2713	17.9
2714	18.8
2715	20.5
2716	20.8
2717	19.7
2718	19.7
2719	21.6
2720	24.3
2721	26.3
2722	28.8
2723	31.9
2724	34.7
2725	37.7
2726	41.4
2727	47.6
2728	55.8
2729	64.8
2730	73.7
2731	80.7
2732	86.9
2733	91.5
2734	98.7
2735	109
2736	117.8
2737	126.6
2738	138
2739	147.3
2740	153.6
2741	157.3
2742	160.4
2743	166.7
2744	175.2
2745	185.4
2746	193.3
2747	199.9
2748	208.5
2749	216.7
2750	219.5
2751	220.1
2752	220.4
2753	223.4
2754	229.8
2755	232.9
2756	232
2757	230.2
2758	227.9
2759	224.6
2760	221.3
2761	219.1
2762	216.1
2763	212
2764	211.5
2765	211.9
2766	209.1
2767	202.8
2768	199.6
2769	202.2
2770	205.4
2771	205.7
2772	204.1
2773	200.9
2774	198.5
2775	199.9
2776	202.7
2777	201.4
2778	196
2779	194.1
2780	192.7
2781	186.6
2782	180
2783	173.4
2784	167.5
2785	164
2786	161.5
2787	153.5
2788	141.4
2789	133.3
2790	131.3
2791	130.5
2792	127.9
2793	123.9
2794	117.1
2795	110.5
2796	104.5
2797	95.9
2798	89.1
2799	88.9
2800	91.7
2801	92
2802	89.7
2803	85.5
2804	80.5
2805	75.8
2806	71.2
2807	66.8
2808	63.5
2809	61.7
2810	58.3
2811	52.2
2812	44.3
2813	37.2
2814	31.6
2815	27.4
2816	25.2
2817	23.5
2818	21.7
2819	21.3
2820	21.4
2821	20.8
2822	19.9
2823	19.6
2824	19.8
2825	19.7
2826	19.1
2827	17.3
2828	15.2
2829	14.3
2830	14.3
2831	15.1
2832	15.8
2833	15.2
2834	15.1
2835	14.4
2836	13.5
2837	14.7
2838	16.6
2839	18.3
2840	19.9
2841	22.3
2842	25.5
2843	28
2844	30.3
2845	32.7
2846	36.2
2847	40.5
2848	45.3
2849	51
2850	55.1
2851	60.9
2852	69.2
2853	76.9
2854	84.9
2855	93
2856	101.4
2857	114.3
2858	128.5
2859	141.1
2860	151.2
2861	156.9
2862	164.4
2863	176.1
2864	184.8
2865	190.7
2866	198
2867	203.8
2868	209.5
2869	212.1
2870	212
2871	211.1
2872	210.5
2873	212.4
2874	212.5
2875	206.2
2876	201.2
2877	202.4
2878	200.9
2879	198.1
2880	195.1
2881	192
2882	190.1
2883	191.6
2884	194.6
2885	195.2
2886	195.2
2887	197.8
2888	202.8
2889	204.4
2890	203.9
2891	203.8
2892	202.9
2893	202.8
2894	203.5
2895	203.3
2896	200.9
2897	196.7
2898	191.4
2899	183.1
2900	172.6
2901	161.1
2902	151.8
2903	146
2904	142.1
2905	137.1
2906	128.5
2907	119.3
2908	113
2909	109
2910	106.3
2911	104.5
2912	101.9
2913	99.3
2914	95.4
2915	90.2
2916	84.2
2917	78.6
2918	76.5
2919	73.6
2920	68.3
2921	63.2
2922	58.4
2923	55.1
2924	52.6
2925	50.2
2926	49.4
2927	49.6
2928	48.7
2929	46.4
2930	42.7
2931	40.1
2932	39.7
2933	39.4
2934	38.7
2935	37.6
2936	35.6
2937	33.7
2938	32
2939	29.4
2940	27.3
2941	25.9
2942	24.4
2943	22
2944	19
2945	17
2946	15.9
2947	15.1
2948	14.5
2949	14.2
2950	13.7
2951	12
2952	11.2
2953	11.6
2954	11.3
2955	11.2
2956	11.3
2957	12
2958	13.4
2959	14.3
2960	14.5
2961	15.2
2962	18.3
2963	22
2964	24.4
2965	27.2
2966	30.4
2967	33.6
2968	38.2
2969	43.1
2970	47.1
2971	52
2972	58.4
2973	65.4
2974	72
2975	76.9
2976	80.8
2977	85.4
2978	89.8
2979	93.5
2980	96.4
2981	98.2
2982	102.3
2983	110.4
2984	118.4
2985	122.5
2986	122.3
2987	125
2988	132.6
2989	136.3
2990	138.1
2991	142.9
2992	150.5
2993	159.3
2994	164.1
2995	164
2996	166.1
2997	170.6
2998	174.3
2999	175.2
3000	172.9
3001	172.7
3002	174.2
3003	172.8
3004	168.8
3005	165.3
3006	163.1
3007	162.7
3008	158.3
3009	152.5
3010	155.1
3011	160.7
3012	163.7
3013	167.4
3014	172
3015	175.8
3016	177.1
3017	177.3
3018	180.3
3019	179.1
3020	177.6
3021	179.7
3022	178.2
3023	174.4
3024	171.3
3025	166.9
3026	161.5
3027	155.4
3028	149.5
3029	143.9
3030	136
3031	131.4
3032	129.6
3033	125.7
3034	118.7
3035	111.9
3036	107
3037	101.7
3038	96
3039	92.9
3040	91.8
3041	89.1
3042	86.9
3043	84.1
3044	80.1
3045	76.4
3046	73.2
3047	71
3048	69.5
3049	67.1
3050	64.8
3051	63
3052	60.2
3053	57.9
3054	56.6
3055	55.7
3056	54.5
3057	53.2
3058	52.3
3059	49.3
3060	45
3061	44.5
3062	44.6
3063	41.9
3064	39.4
3065	38.9
3066	38.4
3067	36
3068	33
3069	29.7
3070	27.4
3071	27
3072	27.4
3073	26.2
3074	25
3075	25.9
3076	26
3077	23.7
3078	21.1
3079	20.2
3080	19.8
3081	19
3082	17.7
3083	16.4
3084	14.4
3085	12.8
3086	11.6
3087	9.9
3088	9.6
3089	9.9
3090	9.2
3091	7.9
3092	6.6
3093	5.6
3094	5.1
3095	5.1
3096	5.4
3097	4.8
3098	4
3099	3.8
3100	3.2
3101	2.4
3102	2.3
3103	2.2
3104	2.5
3105	2.7
3106	2.9
3107	3.3
3108	3.5
3109	4.1
3110	5.5
3111	7.4
3112	9.5
3113	10.9
3114	11.7
3115	12.7
3116	14
3117	16.1
3118	18.5
3119	20.8
3120	23.1
3121	24.6
3122	25.2
3123	26.4
3124	29.5
3125	34.5
3126	39.1
3127	42.5
3128	45.7
3129	48.8
3130	53.8
3131	61.1
3132	69.3
3133	77.2
3134	83.6
3135	86.3
3136	86.6
3137	87.4
3138	89.4
3139	92.5
3140	95.5
3141	98.1
3142	98.3
3143	95.1
3144	90.9
3145	86.6
3146	84.5
3147	85.1
3148	85.3
3149	85.8
3150	87.7
3151	88.1
3152	86.8
3153	86.1
3154	84.4
3155	84.3
3156	87
3157	90.9
3158	94.6
3159	99
3160	104.6
3161	107
3162	106.9
3163	107.6
3164	109.3
3165	110.5
3166	114.3
3167	116.4
3168	115
3169	114.1
3170	112.6
3171	108.3
3172	101.9
3173	97.3
3174	94.7
3175	92.2
3176	89.3
3177	86.1
3178	82.1
3179	78.9
3180	76.1
3181	72.1
3182	68.3
3183	66.4
3184	65.9
3185	64.3
3186	61.2
3187	57.8
3188	54.4
3189	52.5
3190	50.4
3191	47.8
3192	44.8
3193	41.5
3194	38.5
3195	36
3196	33.2
3197	31.5
3198	29.9
3199	28.5
3200	27.8
3201	26.5
3202	25.7
3203	24.8
3204	23.3
3205	22.2
3206	21
3207	19.6
3208	18.3
3209	16.7
3210	15.4
3211	15.1
3212	14.2
3213	12.6
3214	9.9
3215	7.8
3216	7.5
3217	7.2
3218	7
3219	6.7
3220	6.5
3221	6.8
3222	6.7
3223	6
3224	5.4
3225	5
3226	4.6
3227	4.3
3228	3.9
3229	3.7
3230	3.5
3231	3.4
3232	3.1
3233	2.6
3234	2
3235	1.8
3236	2.2
3237	2.7
3238	3
3239	3.6
3240	5.6
3241	7.9
3242	9
3243	9.5
3244	10.5
3245	11.9
3246	13.6
3247	15.3
3248	17.3