0	1749.07		135.9
1	1749.08		137.9
2	1749.09		140.2
3	1749.10		143.8
4	1749.11		146.4
5	1749.12		147.9
6	1750.01		148.4
7	1750.02		150.3
8	1750.03		153.9
9	1750.04		154.3
10	1750.05		147
11	1750.06		139.7
12	1750.07		138.8
13	1750.08		136.3
14	1750.09		131
15	1750.10		125.7
16	1750.11		121.5
17	1750.12		116
18	1751.01		111.3
19	1751.02		106.9
20	1751.03		99.2
21	1751.04		91.6
22	1751.05		86.2
23	1751.06		81.6
24	1751.07		77
25	1751.08		75
26	1751.09		77.3
27	1751.10		79.2
28	1751.11		79.4
29	1751.12		78.5
30	1752.01		78.6
31	1752.02		77.3
32	1752.03		75.5
33	1752.04		77.3
34	1752.05		79.6
35	1752.06		79.9
36	1752.07		80.3
37	1752.08		79.7
38	1752.09		76.7
39	1752.10		73.4
40	1752.11		70.3
41	1752.12		68.1
42	1753.01		63.6
43	1753.02		60.4
44	1753.03		61.1
45	1753.04		59.7
46	1753.05		57
47	1753.06		53.4
48	1753.07		48.1
49	1753.08		43
50	1753.09		37.9
51	1753.10		33.2
52	1753.11		30.4
53	1753.12		29
54	1754.01		28.5
55	1754.02		26.4
56	1754.03		23.2
57	1754.04		21.7
58	1754.05		21.2
59	1754.06		20.5
60	1754.07		21.1
61	1754.08		22.3
62	1754.09		23.3
63	1754.10		23.1
64	1754.11		21.2
65	1754.12		17.9
66	1755.01		15.3
67	1755.02		14
68	1755.03		14
69	1755.04		14.7
70	1755.05		14.2
71	1755.06		14.8
72	1755.07		16.1
73	1755.08		16
74	1755.09		15.6
75	1755.10		15.7
76	1755.11		16.8
77	1755.12		18.5
78	1756.01		19.1
79	1756.02		19
80	1756.03		18.8
81	1756.04		17.7
82	1756.05		17.7
83	1756.06		17.7
84	1756.07		17.1
85	1756.08		18.2
86	1756.09		20.6
87	1756.10		23.5
88	1756.11		26.7
89	1756.12		28.5
90	1757.01		29.9
91	1757.02		34.6
92	1757.03		39.6
93	1757.04		42.8
94	1757.05		47.4
95	1757.06		52.4
96	1757.07		55.7
97	1757.08		59.5
98	1757.09		63.2
99	1757.10		67.7
100	1757.11		71.2
101	1757.12		74
102	1758.01		77.6
103	1758.02		78
104	1758.03		78.7
105	1758.04		80.7
106	1758.05		79.5
107	1758.06		78.7
108	1758.07		80.1
109	1758.08		80.3
110	1758.09		79.6
111	1758.10		77.6
112	1758.11		76.1
113	1758.12		76.6
114	1759.01		77.4
115	1759.02		80.2
116	1759.03		83.5
117	1759.04		86
118	1759.05		87.8
119	1759.06		89
120	1759.07		91.3
121	1759.08		93.7
122	1759.09		96.7
123	1759.10		99.4
124	1759.11		101.8
125	1759.12		103.3
126	1760.01		104.2
127	1760.02		105.5
128	1760.03		104.7
129	1760.04		103
130	1760.05		103.3
131	1760.06		104.5
132	1760.07		105
133	1760.08		107.3
134	1760.09		109.9
135	1760.10		111.3
136	1760.11		114.7
137	1760.12		120.7
138	1761.01		126.1
139	1761.02		129.2
140	1761.03		133
141	1761.04		138.4
142	1761.05		143.1
143	1761.06		144.1
144	1761.07		141.3
145	1761.08		138.2
146	1761.09		134.5
147	1761.10		131.3
148	1761.11		125.8
149	1761.12		119.6
150	1762.01		113.8
151	1762.02		108
152	1762.03		104.2
153	1762.04		100.6
154	1762.05		98.4
155	1762.06		99.7
156	1762.07		102.8
157	1762.08		100.8
158	1762.09		97.2
159	1762.10		94.5
160	1762.11		92.1
161	1762.12		88.8
162	1763.01		87.3
163	1763.02		85.9
164	1763.03		83
165	1763.04		81.3
166	1763.05		78.6
167	1763.06		76.3
168	1763.07		75.4
169	1763.08		77.6
170	1763.09		79.9
171	1763.10		80.4
172	1763.11		81.3
173	1763.12		81.7
174	1764.01		79.7
175	1764.02		78.2
176	1764.03		75.7
177	1764.04		71.7
178	1764.05		68
179	1764.06		63.1
180	1764.07		58.1
181	1764.08		53.3
182	1764.09		49.9
183	1764.10		48
184	1764.11		45.4
185	1764.12		43.1
186	1765.01		42.2
187	1765.02		41.9
188	1765.03		41.1
189	1765.04		39.2
190	1765.05		37.4
191	1765.06		35.7
192	1765.07		34
193	1765.08		32.1
194	1765.09		31.9
195	1765.10		31.6
196	1765.11		30.9
197	1765.12		30.2
198	1766.01		27.4
199	1766.02		24
200	1766.03		21.4
201	1766.04		19.9
202	1766.05		18.7
203	1766.06		18.6
204	1766.07		20.1
205	1766.08		22.5
206	1766.09		24.2
207	1766.10		26.6
208	1766.11		28.6
209	1766.12		30.9
210	1767.01		34.3
211	1767.02		38.2
212	1767.03		43.4
213	1767.04		48.8
214	1767.05		54.9
215	1767.06		60.7
216	1767.07		64.9
217	1767.08		69.2
218	1767.09		71.9
219	1767.10		72.8
220	1767.11		76.8
221	1767.12		83.2
222	1768.01		88.4
223	1768.02		92.4
224	1768.03		96.4
225	1768.04		101
226	1768.05		105.8
227	1768.06		112.4
228	1768.07		117.8
229	1768.08		119.1
230	1768.09		120.2
231	1768.10		125.2
232	1768.11		128.7
233	1768.12		129.6
234	1769.01		135.4
235	1769.02		143.7
236	1769.03		152.5
237	1769.04		163.2
238	1769.05		172.8
239	1769.06		176.8
240	1769.07		178.9
241	1769.08		186.4
242	1769.09		193
243	1769.10		190.9
244	1769.11		187.5
245	1769.12		186.5
246	1770.01		185.1
247	1770.02		184.9
248	1770.03		182.2
249	1770.04		175.3
250	1770.05		170.4
251	1770.06		168.7
252	1770.07		163.3
253	1770.08		151.9
254	1770.09		142.9
255	1770.10		141.5
256	1770.11		148.2
257	1770.12		156.5
258	1771.01		156.1
259	1771.02		148.4
260	1771.03		143.5
261	1771.04		142.3
262	1771.05		139.1
263	1771.06		136.4
264	1771.07		140.5
265	1771.08		148.1
266	1771.09		150.1
267	1771.10		150.9
268	1771.11		144.8
269	1771.12		132.5
270	1772.01		128.9
271	1772.02		129.4
272	1772.03		125.7
273	1772.04		121.4
274	1772.05		117.9
275	1772.06		113
276	1772.07		107.6
277	1772.08		100.1
278	1772.09		97.2
279	1772.10		94.5
280	1772.11		90.6
281	1772.12		88.8
282	1773.01		83.4
283	1773.02		76.9
284	1773.03		72.4
285	1773.04		67.3
286	1773.05		62.3
287	1773.06		59.4
288	1773.07		57.4
289	1773.08		59.4
290	1773.09		62.2
291	1773.10		63.3
292	1773.11		64.8
293	1773.12		65.5
294	1774.01		64.8
295	1774.02		63.7
296	1774.03		61.8
297	1774.04		59.4
298	1774.05		56.9
299	1774.06		53.2
300	1774.07		48.1
301	1774.08		40.6
302	1774.09		33
303	1774.10		27.7
304	1774.11		22.1
305	1774.12		17.7
306	1775.01		15.4
307	1775.02		14.4
308	1775.03		14.1
309	1775.04		13.2
310	1775.05		12.5
311	1775.06		12
312	1775.07		12.9
313	1775.08		14.9
314	1775.09		15.3
315	1775.10		15.7
316	1775.11		16.9
317	1775.12		17.9
318	1776.01		18.4
319	1776.02		19.5
320	1776.03		21.5
321	1776.04		24.1
322	1776.05		27.2
323	1776.06		30.8
324	1776.07		34.7
325	1776.08		38
326	1776.09		42
327	1776.10		49.4
328	1776.11		59.3
329	1776.12		68.4
330	1777.01		79.2
331	1777.02		91.8
332	1777.03		104.9
333	1777.04		117.1
334	1777.05		130.2
335	1777.06		146
336	1777.07		163.4
337	1777.08		177.6
338	1777.09		189.3
339	1777.10		199.3
340	1777.11		213.7
341	1777.12		231.1
342	1778.01		241.4
343	1778.02		247.4
344	1778.03		253.2
345	1778.04		260.5
346	1778.05		264.3
347	1778.06		260.9
348	1778.07		252.9
349	1778.08		252.5
350	1778.09		255.3
351	1778.10		254.2
352	1778.11		247.3
353	1778.12		236.4
354	1779.01		231.7
355	1779.02		229.1
356	1779.03		222.9
357	1779.04		216.5
358	1779.05		211.7
359	1779.06		209.5
360	1779.07		206.8
361	1779.08		199
362	1779.09		192.9
363	1779.10		188
364	1779.11		182.3
365	1779.12		178.2
366	1780.01		172.5
367	1780.02		166.7
368	1780.03		163.7
369	1780.04		159.2
370	1780.05		152.2
371	1780.06		144.9
372	1780.07		143.3
373	1780.08		143.7
374	1780.09		139
375	1780.10		134
376	1780.11		131.9
377	1780.12		132.4
378	1781.01		132.2
379	1781.02		130
380	1781.03		125.6
381	1781.04		119.2
382	1781.05		116.3
383	1781.06		115.1
384	1781.07		110.4
385	1781.08		104.7
386	1781.09		101
387	1781.10		98
388	1781.11		92.6
389	1781.12		85
390	1782.01		78.3
391	1782.02		74.2
392	1782.03		71.5
393	1782.04		70
394	1782.05		67.3
395	1782.06		64.5
396	1782.07		62.3
397	1782.08		60.6
398	1782.09		59.9
399	1782.10		58.3
400	1782.11		55.3
401	1782.12		52.2
402	1783.01		51
403	1783.02		49
404	1783.03		46.2
405	1783.04		44.1
406	1783.05		41.9
407	1783.06		39.4
408	1783.07		37
409	1783.08		33.8
410	1783.09		30.6
411	1783.10		28.2
412	1783.11		25.7
413	1783.12		23.4
414	1784.01		20.5
415	1784.02		18
416	1784.03		16.7
417	1784.04		16.2
418	1784.05		16.3
419	1784.06		16.7
420	1784.07		16.5
421	1784.08		16
422	1784.09		15.9
423	1784.10		16.2
424	1784.11		17.6
425	1784.12		19.8
426	1785.01		23.1
427	1785.02		25.9
428	1785.03		28.1
429	1785.04		32.4
430	1785.05		36.7
431	1785.06		39.2
432	1785.07		42.3
433	1785.08		47.2
434	1785.09		52.6
435	1785.10		60.1
436	1785.11		69.9
437	1785.12		77.2
438	1786.01		82.7
439	1786.02		90.8
440	1786.03		101.1
441	1786.04		111.2
442	1786.05		121
443	1786.06		132.2
444	1786.07		144.9
445	1786.08		155.7
446	1786.09		162.5
447	1786.10		168.2
448	1786.11		174
449	1786.12		179.8
450	1787.01		185.7
451	1787.02		192.1
452	1787.03		198.6
453	1787.04		204.9
454	1787.05		209.8
455	1787.06		215.8
456	1787.07		220.3
457	1787.08		222.1
458	1787.09		227.6
459	1787.10		230.2
460	1787.11		227.4
461	1787.12		229.7
462	1788.01		234.4
463	1788.02		235.3
464	1788.03		234.1
465	1788.04		231.9
466	1788.05		227.6
467	1788.06		221.3
468	1788.07		216.5
469	1788.08		214.6
470	1788.09		212.7
471	1788.10		212.1
472	1788.11		213.8
473	1788.12		212.2
474	1789.01		208.1
475	1789.02		204.1
476	1789.03		199.8
477	1789.04		194.2
478	1789.05		193.3
479	1789.06		196.4
480	1789.07		196.1
481	1789.08		195.5
482	1789.09		194
483	1789.10		190.3
484	1789.11		186.1
485	1789.12		182
486	1790.01		176.7
487	1790.02		172.3
488	1790.03		168.7
489	1790.04		166
490	1790.05		162
491	1790.06		154.1
492	1790.07		147.7
493	1790.08		141.1
494	1790.09		135
495	1790.10		132.2
496	1790.11		129.7
497	1790.12		126.5
498	1791.01		124.8
499	1791.02		121.9
500	1791.03		118.1
501	1791.04		115.7
502	1791.05		113.1
503	1791.06		111.5
504	1791.07		109.9
505	1791.08		109.1
506	1791.09		108.4
507	1791.10		107.6
508	1791.11		106.7
509	1791.12		105.6
510	1792.01		103.7
511	1792.02		103.1
512	1792.03		103.7
513	1792.04		103
514	1792.05		102.2
515	1792.06		100.8
516	1792.07		99.9
517	1792.08		99.2
518	1792.09		98
519	1792.10		95.9
520	1792.11		93.7
521	1792.12		92.3
522	1793.01		91.9
523	1793.02		90.1
524	1793.03		85.5
525	1793.04		82.2
526	1793.05		80.5
527	1793.06		78.9
528	1793.07		77.4
529	1793.08		75.9
530	1793.09		73.9
531	1793.10		71
532	1793.11		69.5
533	1793.12		69.1
534	1794.01		67.8
535	1794.02		67.9
536	1794.03		67.7
537	1794.04		65.6
538	1794.05		65.9
539	1794.06		67.9
540	1794.07		66.7
541	1794.08		64.8
542	1794.09		62.7
543	1794.10		60.3
544	1794.11		57.9
545	1794.12		54.5
546	1795.01		50.8
547	1795.02		47.9
548	1795.03		47.1
549	1795.04		46.6
550	1795.05		43
551	1795.06		37.8
552	1795.07		35.5
553	1795.08		34.4
554	1795.09		33.5
555	1795.10		34.6
556	1795.11		34.9
557	1795.12		33.4
558	1796.01		33.7
559	1796.02		33
560	1796.03		31.6
561	1796.04		31.4
562	1796.05		29.6
563	1796.06		27.6
564	1796.07		26.2
565	1796.08		24.3
566	1796.09		22.1
567	1796.10		19.4
568	1796.11		16.5
569	1796.12		15.9
570	1797.01		14.6
571	1797.02		13.3
572	1797.03		12.8
573	1797.04		11.6
574	1797.05		11.1
575	1797.06		10.8
576	1797.07		9.8
577	1797.08		8.9
578	1797.09		9.5
579	1797.10		9.9
580	1797.11		9.2
581	1797.12		7.9
582	1798.01		6.8
583	1798.02		6.3
584	1798.03		5.9
585	1798.04		5.3
586	1798.05		5.4
587	1798.06		6.3
588	1798.07		6.7
589	1798.08		7.3
590	1798.09		8.6
591	1798.10		9.7
592	1798.11		10.8
593	1798.12		12.1
594	1799.01		13
595	1799.02		12.9
596	1799.03		12.5
597	1799.04		12.6
598	1799.05		12.1
599	1799.06		11.4
600	1799.07		11.6
601	1799.08		11.8
602	1799.09		11
603	1799.10		9.9
604	1799.11		9.1
605	1799.12		9.8
606	1800.01		12
607	1800.02		14.6
608	1800.03		16.8
609	1800.04		18.1
610	1800.05		19.2
611	1800.06		21.9
612	1800.07		25.5
613	1800.08		28.3
614	1800.09		30.8
615	1800.10		34
616	1800.11		38.1
617	1800.12		40.5
618	1801.01		42
619	1801.02		44.3
620	1801.03		47.1
621	1801.04		50.1
622	1801.05		53.5
623	1801.06		56.1
624	1801.07		58.1
625	1801.08		60.8
626	1801.09		62.8
627	1801.10		64.3
628	1801.11		65.9
629	1801.12		67.8
630	1802.01		69.7
631	1802.02		71.4
632	1802.03		73.4
633	1802.04		75.1
634	1802.05		75.2
635	1802.06		74.9
636	1802.07		75.2
637	1802.08		75.6
638	1802.09		75.1
639	1802.10		73.1
640	1802.11		72
641	1802.12		71.3
642	1803.01		70.6
643	1803.02		69.5
644	1803.03		68
645	1803.04		68.6
646	1803.05		70.9
647	1803.06		71.9
648	1803.07		71.4
649	1803.08		70.9
650	1803.09		72
651	1803.10		75.1
652	1803.11		76.1
653	1803.12		75.3
654	1804.01		73.9
655	1804.02		73.3
656	1804.03		74.4
657	1804.04		75.5
658	1804.05		76.7
659	1804.06		78.3
660	1804.07		80.2
661	1804.08		81
662	1804.09		80.9
663	1804.10		80.3
664	1804.11		79.8
665	1804.12		80.5
666	1805.01		81.5
667	1805.02		82
668	1805.03		81.4
669	1805.04		78.5
670	1805.05		74.8
671	1805.06		71.9
672	1805.07		68.9
673	1805.08		66.3
674	1805.09		64
675	1805.10		62.1
676	1805.11		60.5
677	1805.12		58.6
678	1806.01		57
679	1806.02		55.4
680	1806.03		52.8
681	1806.04		51.2
682	1806.05		49.9
683	1806.06		47.8
684	1806.07		45
685	1806.08		41.9
686	1806.09		39.1
687	1806.10		37.2
688	1806.11		35.8
689	1806.12		33.7
690	1807.01		31.6
691	1807.02		29.4
692	1807.03		27.1
693	1807.04		24.5
694	1807.05		21.6
695	1807.06		18.4
696	1807.07		15.9
697	1807.08		14.6
698	1807.09		13.4
699	1807.10		11.9
700	1807.11		11.3
701	1807.12		11.7
702	1808.01		11.4
703	1808.02		10.7
704	1808.03		10.8
705	1808.04		11
706	1808.05		11.3
707	1808.06		12.7
708	1808.07		14.1
709	1808.08		14.9
710	1808.09		15.3
711	1808.10		14.7
712	1808.11		13.2
713	1808.12		12
714	1809.01		11.1
715	1809.02		10.1
716	1809.03		8.8
717	1809.04		7.7
718	1809.05		6.7
719	1809.06		5.1
720	1809.07		3.7
721	1809.08		2.6
722	1809.09		1.9
723	1809.10		1.6
724	1809.11		1.3
725	1809.12		0.7
726	1810.01		0.1
727	1810.02		0.1
728	1811.01		0.5
729	1811.02		0.9
730	1811.03		1.1
731	1811.04		1.7
732	1811.05		2.2
733	1811.06		2.3
734	1811.07		3.1
735	1811.08		4.1
736	1811.09		4.2
737	1811.10		4.3
738	1811.11		4.4
739	1811.12		4.5
740	1812.01		4.2
741	1812.02		4.9
742	1812.03		6.1
743	1812.04		6.2
744	1812.05		6.5
745	1812.06		7.6
746	1812.07		7.5
747	1812.08		7.3
748	1812.09		7.9
749	1812.10		9.2
750	1812.11		10.6
751	1812.12		11.6
752	1813.01		13.6
753	1813.02		14.3
754	1813.03		14.5
755	1813.04		16.9
756	1813.05		19.1
757	1813.06		20
758	1813.07		21.9
759	1813.08		23.5
760	1813.09		23.9
761	1813.10		24.7
762	1813.11		25.2
763	1813.12		25.5
764	1814.01		25.7
765	1814.02		25.3
766	1814.03		24.4
767	1814.04		23.3
768	1814.05		22.6
769	1814.06		22.8
770	1814.07		23
771	1814.08		24.2
772	1814.09		27
773	1814.10		29
774	1814.11		29.8
775	1814.12		33
776	1815.01		37
777	1815.02		41.3
778	1815.03		46
779	1815.04		48.6
780	1815.05		51.2
781	1815.06		55.9
782	1815.07		59.5
783	1815.08		62.5
784	1815.09		68.4
785	1815.10		73.6
786	1815.11		77.8
787	1815.12		79.4
788	1816.01		78.8
789	1816.02		77.3
790	1816.03		76.8
791	1816.04		79.5
792	1816.05		81.2
793	1816.06		78.8
794	1816.07		77.1
795	1816.08		77
796	1816.09		77.8
797	1816.10		77.1
798	1816.11		73.3
799	1816.12		71.4
800	1817.01		71.9
801	1817.02		74.2
802	1817.03		75
803	1817.04		72.1
804	1817.05		69.3
805	1817.06		68.5
806	1817.07		68.3
807	1817.08		65.8
808	1817.09		58.4
809	1817.10		54
810	1817.11		56.8
811	1817.12		58.8
812	1818.01		57
813	1818.02		54.6
814	1818.03		52.9
815	1818.04		52.6
816	1818.05		51.7
817	1818.06		50.3
818	1818.07		50
819	1818.08		49.7
820	1818.09		48.1
821	1818.10		45.6
822	1818.11		42.3
823	1818.12		39.9
824	1819.01		40
825	1819.02		39.9
826	1819.03		38.7
827	1819.04		37.6
828	1819.05		38.3
829	1819.06		39.6
830	1819.07		39
831	1819.08		38.5
832	1819.09		38.9
833	1819.10		38.9
834	1819.11		39.6
835	1819.12		38.6
836	1820.01		36.1
837	1820.02		35.3
838	1820.03		34.6
839	1820.04		32.7
840	1820.05		30.2
841	1820.06		27.5
842	1820.07		26.2
843	1820.08		24.8
844	1820.09		23.3
845	1820.10		22.7
846	1820.11		20
847	1820.12		17.5
848	1821.01		15.6
849	1821.02		12.9
850	1821.03		11.4
851	1821.04		12
852	1821.05		12.5
853	1821.06		11.6
854	1821.07		9.5
855	1821.08		7.8
856	1821.09		8.3
857	1821.10		9.3
858	1821.11		9.5
859	1821.12		9.8
860	1822.01		10.4
861	1822.02		10.6
862	1822.03		10.1
863	1822.04		8.5
864	1822.05		6.9
865	1822.06		6.6
866	1822.07		6.6
867	1822.08		6.5
868	1822.09		5.4
869	1822.10		3.4
870	1822.11		2.4
871	1822.12		1.9
872	1823.01		1
873	1823.02		0.3
874	1823.03		0.2
875	1823.04		0.2
876	1823.05		0.2
877	1823.06		1.6
878	1823.07		4.5
879	1823.08		6.7
880	1823.09		7.4
881	1823.10		8.7
882	1823.11		10.3
883	1823.12		10.5
884	1824.01		10.4
885	1824.02		10.5
886	1824.03		12
887	1824.04		15.2
888	1824.05		17
889	1824.06		15.6
890	1824.07		13.1
891	1824.08		12.3
892	1824.09		14.2
893	1824.10		14.6
894	1824.11		14.4
895	1824.12		16.4
896	1825.01		19.6
897	1825.02		23.4
898	1825.03		24.8
899	1825.04		23.8
900	1825.05		23.9
901	1825.06		26.2
902	1825.07		28.6
903	1825.08		29.6
904	1825.09		30.8
905	1825.10		33.2
906	1825.11		35.8
907	1825.12		38.4
908	1826.01		41.4
909	1826.02		43.9
910	1826.03		45.1
911	1826.04		47.8
912	1826.05		52.1
913	1826.06		57.2
914	1826.07		61.6
915	1826.08		64.8
916	1826.09		68.3
917	1826.10		71.3
918	1826.11		74.5
919	1826.12		77.5
920	1827.01		78.2
921	1827.02		78.5
922	1827.03		81.6
923	1827.04		84.1
924	1827.05		85
925	1827.06		84.1
926	1827.07		83.8
927	1827.08		86.3
928	1827.09		88
929	1827.10		89.5
930	1827.11		92.9
931	1827.12		98
932	1828.01		101.7
933	1828.02		104.1
934	1828.03		105.8
935	1828.04		105.7
936	1828.05		106.2
937	1828.06		106.9
938	1828.07		106.3
939	1828.08		104.6
940	1828.09		104
941	1828.10		106.9
942	1828.11		107.7
943	1828.12		104.5
944	1829.01		105.4
945	1829.02		108
946	1829.03		108.3
947	1829.04		108.6
948	1829.05		109.5
949	1829.06		110.9
950	1829.07		112.3
951	1829.08		114.5
952	1829.09		116.9
953	1829.10		118.5
954	1829.11		119.2
955	1829.12		118.6
956	1830.01		114.7
957	1830.02		109.5
958	1830.03		108.3
959	1830.04		110.9
960	1830.05		113.7
961	1830.06		116.4
962	1830.07		117.9
963	1830.08		116
964	1830.09		115.1
965	1830.10		112.1
966	1830.11		106.6
967	1830.12		102.4
968	1831.01		100.3
969	1831.02		100.7
970	1831.03		99.3
971	1831.04		95
972	1831.05		89.7
973	1831.06		83.4
974	1831.07		78.6
975	1831.08		77.8
976	1831.09		75.5
977	1831.10		70.9
978	1831.11		69.2
979	1831.12		69
980	1832.01		66.4
981	1832.02		61
982	1832.03		55.7
983	1832.04		51.9
984	1832.05		48.1
985	1832.06		46
986	1832.07		44.5
987	1832.08		40.3
988	1832.09		34.5
989	1832.10		29.8
990	1832.11		26.2
991	1832.12		22.4
992	1833.01		20.1
993	1833.02		19.4
994	1833.03		19.5
995	1833.04		18.7
996	1833.05		17.2
997	1833.06		15.4
998	1833.07		13.8
999	1833.08		13.5
1000	1833.09		13.2
1001	1833.10		12.6
1002	1833.11		12.2
1003	1833.12		12.4
1004	1834.01		13
1005	1834.02		13
1006	1834.03		12.9
1007	1834.04		14.1
1008	1834.05		17
1009	1834.06		20.4
1010	1834.07		22.3
1011	1834.08		22.9
1012	1834.09		24.4
1013	1834.10		29.7
1014	1834.11		36.2
1015	1834.12		40.4
1016	1835.01		45.7
1017	1835.02		53.1
1018	1835.03		63.1
1019	1835.04		74.2
1020	1835.05		83.9
1021	1835.06		91.7
1022	1835.07		100.4
1023	1835.08		111.8
1024	1835.09		123
1025	1835.10		134.1
1026	1835.11		144.5
1027	1835.12		155.6
1028	1836.01		165.9
1029	1836.02		173.2
1030	1836.03		176.2
1031	1836.04		178.7
1032	1836.05		183.1
1033	1836.06		193.5
1034	1836.07		209.3
1035	1836.08		221
1036	1836.09		228.2
1037	1836.10		230.4
1038	1836.11		230.1
1039	1836.12		232.4
1040	1837.01		237.9
1041	1837.02		243
1042	1837.03		244.9
1043	1837.04		244
1044	1837.05		242.1
1045	1837.06		235.8
1046	1837.07		227.5
1047	1837.08		218.2
1048	1837.09		212.3
1049	1837.10		211.9
1050	1837.11		212.9
1051	1837.12		210.3
1052	1838.01		202.1
1053	1838.02		194.5
1054	1838.03		189.1
1055	1838.04		185.3
1056	1838.05		180.9
1057	1838.06		175.4
1058	1838.07		169.2
1059	1838.08		167.7
1060	1838.09		164.6
1061	1838.10		155.7
1062	1838.11		145.4
1063	1838.12		136.8
1064	1839.01		132.4
1065	1839.02		134.4
1066	1839.03		142.1
1067	1839.04		146.2
1068	1839.05		145.6
1069	1839.06		143.9
1070	1839.07		141.1
1071	1839.08		138.4
1072	1839.09		136.7
1073	1839.10		136.3
1074	1839.11		137.6
1075	1839.12		138.3
1076	1840.01		136.2
1077	1840.02		129.4
1078	1840.03		120.2
1079	1840.04		113.6
1080	1840.05		110.1
1081	1840.06		108.4
1082	1840.07		103.8
1083	1840.08		95.8
1084	1840.09		89.1
1085	1840.10		84.7
1086	1840.11		82.8
1087	1840.12		83.2
1088	1841.01		81.6
1089	1841.02		78.2
1090	1841.03		74.4
1091	1841.04		69.9
1092	1841.05		65.7
1093	1841.06		62.2
1094	1841.07		61
1095	1841.08		60.2
1096	1841.09		59
1097	1841.10		57.6
1098	1841.11		53.7
1099	1841.12		48.3
1100	1842.01		44.6
1101	1842.02		42.4
1102	1842.03		40.3
1103	1842.04		39.7
1104	1842.05		41.8
1105	1842.06		41.8
1106	1842.07		39.8
1107	1842.08		38
1108	1842.09		35.8
1109	1842.10		33.7
1110	1842.11		32.2
1111	1842.12		31.3
1112	1843.01		30.4
1113	1843.02		29.1
1114	1843.03		27.1
1115	1843.04		23.8
1116	1843.05		20.1
1117	1843.06		18.2
1118	1843.07		17.6
1119	1843.08		18.1
1120	1843.09		19.3
1121	1843.10		20.4
1122	1843.11		20.5
1123	1843.12		19.4
1124	1844.01		19.7
1125	1844.02		21.4
1126	1844.03		22.4
1127	1844.04		23.7
1128	1844.05		24.3
1129	1844.06		24.3
1130	1844.07		26
1131	1844.08		29.2
1132	1844.09		33.3
1133	1844.10		37.9
1134	1844.11		42.9
1135	1844.12		47.3
1136	1845.01		49.9
1137	1845.02		51.1
1138	1845.03		53.3
1139	1845.04		56.2
1140	1845.05		59.5
1141	1845.06		64.1
1142	1845.07		67.7
1143	1845.08		69.1
1144	1845.09		71
1145	1845.10		73.3
1146	1845.11		75
1147	1845.12		78.2
1148	1846.01		81.7
1149	1846.02		84.4
1150	1846.03		91.3
1151	1846.04		97.8
1152	1846.05		100.3
1153	1846.06		102.1
1154	1846.07		104.2
1155	1846.08		105.4
1156	1846.09		106.5
1157	1846.10		106.3
1158	1846.11		105.7
1159	1846.12		108.2
1160	1847.01		110
1161	1847.02		116.4
1162	1847.03		126.1
1163	1847.04		138.4
1164	1847.05		152.5
1165	1847.06		161
1166	1847.07		170.8
1167	1847.08		182.1
1168	1847.09		188.4
1169	1847.10		194.3
1170	1847.11		200.5
1171	1847.12		205.4
1172	1848.01		214.5
1173	1848.02		219.9
1174	1848.03		215.2
1175	1848.04		207.6
1176	1848.05		202.6
1177	1848.06		204.4
1178	1848.07		209.2
1179	1848.08		213.3
1180	1848.09		216
1181	1848.10		216.7
1182	1848.11		216.7
1183	1848.12		213.4
1184	1849.01		207.4
1185	1849.02		200.1
1186	1849.03		196.7
1187	1849.04		193.6
1188	1849.05		189.9
1189	1849.06		186.4
1190	1849.07		176.8
1191	1849.08		167.2
1192	1849.09		162.7
1193	1849.10		157
1194	1849.11		150.9
1195	1849.12		148.5
1196	1850.01		144.6
1197	1850.02		141
1198	1850.03		139.9
1199	1850.04		139.3
1200	1850.05		135.7
1201	1850.06		129.4
1202	1850.07		126.3
1203	1850.08		127.4
1204	1850.09		127.3
1205	1850.10		126.8
1206	1850.11		127.9
1207	1850.12		127.4
1208	1851.01		126.6
1209	1851.02		126.1
1210	1851.03		124.3
1211	1851.04		122.2
1212	1851.05		121.2
1213	1851.06		121.7
1214	1851.07		121.9
1215	1851.08		118.3
1216	1851.09		114.9
1217	1851.10		115.4
1218	1851.11		115.5
1219	1851.12		113.6
1220	1852.01		112.8
1221	1852.02		111.8
1222	1852.03		108
1223	1852.04		106
1224	1852.05		106.6
1225	1852.06		104.8
1226	1852.07		100.6
1227	1852.08		96.6
1228	1852.09		92.9
1229	1852.10		89.6
1230	1852.11		86.6
1231	1852.12		84.5
1232	1853.01		84.2
1233	1853.02		85.4
1234	1853.03		85.9
1235	1853.04		83.6
1236	1853.05		79.6
1237	1853.06		75.9
1238	1853.07		72.1
1239	1853.08		68.3
1240	1853.09		65.1
1241	1853.10		62.1
1242	1853.11		59.6
1243	1853.12		57.3
1244	1854.01		53.6
1245	1854.02		48.7
1246	1854.03		45.1
1247	1854.04		41.9
1248	1854.05		39.5
1249	1854.06		39.3
1250	1854.07		38.9
1251	1854.08		38
1252	1854.09		37
1253	1854.10		35
1254	1854.11		32.1
1255	1854.12		29.6
1256	1855.01		26.9
1257	1855.02		24.5
1258	1855.03		21.7
1259	1855.04		19.7
1260	1855.05		17.5
1261	1855.06		14.2
1262	1855.07		11.8
1263	1855.08		10.3
1264	1855.09		8.5
1265	1855.10		7.3
1266	1855.11		6.7
1267	1855.12		6
1268	1856.01		6.3
1269	1856.02		6.9
1270	1856.03		7.5
1271	1856.04		7.4
1272	1856.05		7.3
1273	1856.06		7.9
1274	1856.07		9.3
1275	1856.08		10.5
1276	1856.09		11.1
1277	1856.10		11.8
1278	1856.11		14.5
1279	1856.12		17.6
1280	1857.01		19.8
1281	1857.02		22.1
1282	1857.03		26
1283	1857.04		31.8
1284	1857.05		36.6
1285	1857.06		40.8
1286	1857.07		45.2
1287	1857.08		49.4
1288	1857.09		55.7
1289	1857.10		62
1290	1857.11		65.1
1291	1857.12		68.4
1292	1858.01		73.4
1293	1858.02		79.1
1294	1858.03		85.2
1295	1858.04		92.2
1296	1858.05		97.8
1297	1858.06		101.8
1298	1858.07		107.6
1299	1858.08		115.3
1300	1858.09		122.1
1301	1858.10		128.5
1302	1858.11		136.1
1303	1858.12		143.4
1304	1859.01		149.8
1305	1859.02		157
1306	1859.03		163.1
1307	1859.04		167
1308	1859.05		172.4
1309	1859.06		177.1
1310	1859.07		178.1
1311	1859.08		178.1
1312	1859.09		178.8
1313	1859.10		178.4
1314	1859.11		178.5
1315	1859.12		181.5
1316	1860.01		185
1317	1860.02		186.2
1318	1860.03		184.6
1319	1860.04		181.5
1320	1860.05		179.7
1321	1860.06		180.9
1322	1860.07		180.4
1323	1860.08		178
1324	1860.09		177.3
1325	1860.10		179.6
1326	1860.11		177.8
1327	1860.12		172.2
1328	1861.01		167.5
1329	1861.02		163
1330	1861.03		160.6
1331	1861.04		157.9
1332	1861.05		152.6
1333	1861.06		147.8
1334	1861.07		146.7
1335	1861.08		145.7
1336	1861.09		140.1
1337	1861.10		132
1338	1861.11		129.1
1339	1861.12		129.4
1340	1862.01		128.7
1341	1862.02		126.7
1342	1862.03		124.1
1343	1862.04		121
1344	1862.05		118.8
1345	1862.06		115.4
1346	1862.07		111.1
1347	1862.08		109.3
1348	1862.09		110.5
1349	1862.10		111.3
1350	1862.11		109.4
1351	1862.12		105.1
1352	1863.01		98.5
1353	1863.02		94.1
1354	1863.03		89.4
1355	1863.04		85.7
1356	1863.05		84.5
1357	1863.06		83.5
1358	1863.07		84.3
1359	1863.08		84.3
1360	1863.09		83.5
1361	1863.10		83.1
1362	1863.11		81.7
1363	1863.12		82
1364	1864.01		85.1
1365	1864.02		87.4
1366	1864.03		88.5
1367	1864.04		88.5
1368	1864.05		89.6
1369	1864.06		90.2
1370	1864.07		88.5
1371	1864.08		87.1
1372	1864.09		84.4
1373	1864.10		81.8
1374	1864.11		80.8
1375	1864.12		78.4
1376	1865.01		74.3
1377	1865.02		70.7
1378	1865.03		68.8
1379	1865.04		66.9
1380	1865.05		63
1381	1865.06		59.1
1382	1865.07		56.5
1383	1865.08		55.1
1384	1865.09		53.8
1385	1865.10		51.7
1386	1865.11		49.1
1387	1865.12		46
1388	1866.01		43.3
1389	1866.02		39.9
1390	1866.03		36.8
1391	1866.04		35.4
1392	1866.05		34
1393	1866.06		31.9
1394	1866.07		28.5
1395	1866.08		23
1396	1866.09		18.8
1397	1866.10		16.6
1398	1866.11		14.8
1399	1866.12		12.8
1400	1867.01		11.3
1401	1867.02		10.3
1402	1867.03		9.9
1403	1867.04		10
1404	1867.05		10
1405	1867.06		11.9
1406	1867.07		14.9
1407	1867.08		17
1408	1867.09		19.1
1409	1867.10		22.4
1410	1867.11		26.2
1411	1867.12		29.8
1412	1868.01		33.5
1413	1868.02		37.1
1414	1868.03		41.6
1415	1868.04		47.3
1416	1868.05		53.9
1417	1868.06		60
1418	1868.07		65.8
1419	1868.08		72.1
1420	1868.09		77
1421	1868.10		79.1
1422	1868.11		84.8
1423	1868.12		95.5
1424	1869.01		103
1425	1869.02		108.2
1426	1869.03		113.7
1427	1869.04		115.9
1428	1869.05		117
1429	1869.06		120.9
1430	1869.07		124.6
1431	1869.08		129.5
1432	1869.09		140.7
1433	1869.10		156.2
1434	1869.11		169.5
1435	1869.12		176.4
1436	1870.01		183.4
1437	1870.02		193.6
1438	1870.03		202.6
1439	1870.04		212.5
1440	1870.05		223.4
1441	1870.06		230
1442	1870.07		232.5
1443	1870.08		234
1444	1870.09		233.7
1445	1870.10		232.9
1446	1870.11		231
1447	1870.12		225.8
1448	1871.01		220.7
1449	1871.02		215.6
1450	1871.03		208.7
1451	1871.04		200.8
1452	1871.05		193.9
1453	1871.06		188.2
1454	1871.07		184.9
1455	1871.08		183.9
1456	1871.09		179.7
1457	1871.10		171.8
1458	1871.11		164.9
1459	1871.12		163.6
1460	1872.01		165
1461	1872.02		164
1462	1872.03		165.2
1463	1872.04		168.5
1464	1872.05		169.9
1465	1872.06		169.9
1466	1872.07		170
1467	1872.08		169.6
1468	1872.09		169.3
1469	1872.10		168.2
1470	1872.11		162.3
1471	1872.12		153.6
1472	1873.01		146.4
1473	1873.02		142
1474	1873.03		135.6
1475	1873.04		127.1
1476	1873.05		119.3
1477	1873.06		112.9
1478	1873.07		108.7
1479	1873.08		103.9
1480	1873.09		97.4
1481	1873.10		90.7
1482	1873.11		87.4
1483	1873.12		86.7
1484	1874.01		86.3
1485	1874.02		85.9
1486	1874.03		84.1
1487	1874.04		81.9
1488	1874.05		79.2
1489	1874.06		75.9
1490	1874.07		71.3
1491	1874.08		65.2
1492	1874.09		61.3
1493	1874.10		60.2
1494	1874.11		57.7
1495	1874.12		54.4
1496	1875.01		49.6
1497	1875.02		42.5
1498	1875.03		37.5
1499	1875.04		34.2
1500	1875.05		31.9
1501	1875.06		29.8
1502	1875.07		28.4
1503	1875.08		27.9
1504	1875.09		27.3
1505	1875.10		25.2
1506	1875.11		22.9
1507	1875.12		20.9
1508	1876.01		19.5
1509	1876.02		19.3
1510	1876.03		19.4
1511	1876.04		20.1
1512	1876.05		19.6
1513	1876.06		19
1514	1876.07		19.5
1515	1876.08		19.8
1516	1876.09		18.1
1517	1876.10		17.7
1518	1876.11		19.8
1519	1876.12		21.8
1520	1877.01		22
1521	1877.02		21.2
1522	1877.03		21.5
1523	1877.04		21.4
1524	1877.05		21.2
1525	1877.06		21.1
1526	1877.07		19.2
1527	1877.08		17.6
1528	1877.09		17.2
1529	1877.10		15.8
1530	1877.11		13.6
1531	1877.12		12
1532	1878.01		11
1533	1878.02		10.2
1534	1878.03		8.9
1535	1878.04		7.8
1536	1878.05		6.7
1537	1878.06		5.9
1538	1878.07		5.6
1539	1878.08		5
1540	1878.09		4
1541	1878.10		3.9
1542	1878.11		4.1
1543	1878.12		3.7
1544	1879.01		4.1
1545	1879.02		5.4
1546	1879.03		6.2
1547	1879.04		7
1548	1879.05		8.4
1549	1879.06		9.5
1550	1879.07		11.6
1551	1879.08		15.1
1552	1879.09		18.3
1553	1879.10		20.5
1554	1879.11		22.9
1555	1879.12		26.4
1556	1880.01		29.4
1557	1880.02		33
1558	1880.03		39.8
1559	1880.04		46.1
1560	1880.05		49.4
1561	1880.06		52.2
1562	1880.07		54.6
1563	1880.08		57.3
1564	1880.09		61.3
1565	1880.10		65.8
1566	1880.11		69.4
1567	1880.12		72.6
1568	1881.01		78.3
1569	1881.02		82.8
1570	1881.03		82.6
1571	1881.04		83.2
1572	1881.05		86.4
1573	1881.06		89.3
1574	1881.07		91.1
1575	1881.08		92.8
1576	1881.09		95.1
1577	1881.10		99.2
1578	1881.11		103.7
1579	1881.12		104.1
1580	1882.01		100.8
1581	1882.02		97.4
1582	1882.03		96.5
1583	1882.04		96.4
1584	1882.05		98.1
1585	1882.06		99.8
1586	1882.07		100.5
1587	1882.08		100
1588	1882.09		96.7
1589	1882.10		94.1
1590	1882.11		90.9
1591	1882.12		90.8
1592	1883.01		95.4
1593	1883.02		98.2
1594	1883.03		98.2
1595	1883.04		99.6
1596	1883.05		101.3
1597	1883.06		103.7
1598	1883.07		108.2
1599	1883.08		113.1
1600	1883.09		119
1601	1883.10		121.7
1602	1883.11		123.7
1603	1883.12		124.4
1604	1884.01		120.8
1605	1884.02		119.5
1606	1884.03		120.9
1607	1884.04		119
1608	1884.05		113.2
1609	1884.06		107.8
1610	1884.07		102.5
1611	1884.08		98
1612	1884.09		94.4
1613	1884.10		90.3
1614	1884.11		89.3
1615	1884.12		92
1616	1885.01		95.1
1617	1885.02		95.7
1618	1885.03		93.7
1619	1885.04		91.6
1620	1885.05		90.5
1621	1885.06		88.4
1622	1885.07		85.7
1623	1885.08		81.6
1624	1885.09		79
1625	1885.10		78.7
1626	1885.11		75
1627	1885.12		68.2
1628	1886.01		61.7
1629	1886.02		56.9
1630	1886.03		53.3
1631	1886.04		50
1632	1886.05		45.7
1633	1886.06		43
1634	1886.07		41
1635	1886.08		38.8
1636	1886.09		34.2
1637	1886.10		28
1638	1886.11		24.7
1639	1886.12		23.1
1640	1887.01		21.9
1641	1887.02		21.7
1642	1887.03		21
1643	1887.04		19.9
1644	1887.05		20.2
1645	1887.06		21.2
1646	1887.07		21.9
1647	1887.08		21.7
1648	1887.09		21.5
1649	1887.10		21.6
1650	1887.11		20.6
1651	1887.12		19.1
1652	1888.01		17.1
1653	1888.02		14.4
1654	1888.03		13.2
1655	1888.04		13
1656	1888.05		12.9
1657	1888.06		12.2
1658	1888.07		10.4
1659	1888.08		9.7
1660	1888.09		9.7
1661	1888.10		9.5
1662	1888.11		9.2
1663	1888.12		8.8
1664	1889.01		9.2
1665	1889.02		10.9
1666	1889.03		12
1667	1889.04		11.8
1668	1889.05		11.1
1669	1889.06		10.4
1670	1889.07		10.7
1671	1889.08		10.5
1672	1889.09		9.8
1673	1889.10		9.5
1674	1889.11		9.5
1675	1889.12		9.3
1676	1890.01		9.1
1677	1890.02		8.4
1678	1890.03		8.3
1679	1890.04		9.7
1680	1890.05		10.9
1681	1890.06		11.7
1682	1890.07		12.3
1683	1890.08		14.4
1684	1890.09		16.2
1685	1890.10		17.9
1686	1890.11		21.7
1687	1890.12		27.5
1688	1891.01		34.1
1689	1891.02		39
1690	1891.03		43.3
1691	1891.04		48.7
1692	1891.05		53.7
1693	1891.06		57.7
1694	1891.07		63.2
1695	1891.08		70.8
1696	1891.09		77.3
1697	1891.10		83.5
1698	1891.11		89.5
1699	1891.12		94.2
1700	1892.01		97.4
1701	1892.02		103.3
1702	1892.03		108.7
1703	1892.04		110.6
1704	1892.05		113.6
1705	1892.06		118.4
1706	1892.07		122
1707	1892.08		122.2
1708	1892.09		123.1
1709	1892.10		125.5
1710	1892.11		127.2
1711	1892.12		128.5
1712	1893.01		130.2
1713	1893.02		133
1714	1893.03		136
1715	1893.04		137.7
1716	1893.05		139
1717	1893.06		140.8
1718	1893.07		142.4
1719	1893.08		143.8
1720	1893.09		143.6
1721	1893.10		142.3
1722	1893.11		142.9
1723	1893.12		144.7
1724	1894.01		146.5
1725	1894.02		143.7
1726	1894.03		138.7
1727	1894.04		137.6
1728	1894.05		136
1729	1894.06		132.4
1730	1894.07		128.6
1731	1894.08		126
1732	1894.09		125.4
1733	1894.10		125.7
1734	1894.11		123
1735	1894.12		118.8
1736	1895.01		112.8
1737	1895.02		108.7
1738	1895.03		108
1739	1895.04		106.9
1740	1895.05		105.8
1741	1895.06		105.9
1742	1895.07		104.2
1743	1895.08		101.2
1744	1895.09		99.9
1745	1895.10		96.9
1746	1895.11		91.9
1747	1895.12		87.5
1748	1896.01		85.8
1749	1896.02		82.7
1750	1896.03		80.1
1751	1896.04		77.6
1752	1896.05		74.2
1753	1896.06		71.7
1754	1896.07		70.5
1755	1896.08		69.4
1756	1896.09		65.8
1757	1896.10		63.4
1758	1896.11		62
1759	1896.12		58.8
1760	1897.01		55
1761	1897.02		53.4
1762	1897.03		52.1
1763	1897.04		50.2
1764	1897.05		47.1
1765	1897.06		44.4
1766	1897.07		43.1
1767	1897.08		42.8
1768	1897.09		44
1769	1897.10		43.5
1770	1897.11		42.7
1771	1897.12		43.9
1772	1898.01		43.3
1773	1898.02		42.7
1774	1898.03		42.4
1775	1898.04		42.9
1776	1898.05		45.8
1777	1898.06		46
1778	1898.07		43.8
1779	1898.08		41.2
1780	1898.09		37.9
1781	1898.10		36.4
1782	1898.11		35.2
1783	1898.12		33.8
1784	1899.01		34
1785	1899.02		32.3
1786	1899.03		28.5
1787	1899.04		25.2
1788	1899.05		22.1
1789	1899.06		20.3
1790	1899.07		19.5
1791	1899.08		19.1
1792	1899.09		18.8
1793	1899.10		18.2
1794	1899.11		18.9
1795	1899.12		18.8
1796	1900.01		17.9
1797	1900.02		17.6
1798	1900.03		17.7
1799	1900.04		17.7
1800	1900.05		17.5
1801	1900.06		16.5
1802	1900.07		15.2
1803	1900.08		13.7
1804	1900.09		12.7
1805	1900.10		11.3
1806	1900.11		9.8
1807	1900.12		9
1808	1901.01		8.1
1809	1901.02		7.3
1810	1901.03		6.5
1811	1901.04		5.4
1812	1901.05		4.7
1813	1901.06		4.6
1814	1901.07		5
1815	1901.08		5.2
1816	1901.09		5.5
1817	1901.10		6.1
1818	1901.11		5.6
1819	1901.12		4.8
1820	1902.01		4.5
1821	1902.02		4.6
1822	1902.03		5.2
1823	1902.04		6.5
1824	1902.05		7.8
1825	1902.06		8.4
1826	1902.07		8.6
1827	1902.08		10
1828	1902.09		11.3
1829	1902.10		13.1
1830	1902.11		15.8
1831	1902.12		17.6
1832	1903.01		20.5
1833	1903.02		24.2
1834	1903.03		26.3
1835	1903.04		28.1
1836	1903.05		32.1
1837	1903.06		37.6
1838	1903.07		42.3
1839	1903.08		44.4
1840	1903.09		46.6
1841	1903.10		49.4
1842	1903.11		52.3
1843	1903.12		55.8
1844	1904.01		59.1
1845	1904.02		62.7
1846	1904.03		66.1
1847	1904.04		68.5
1848	1904.05		69.1
1849	1904.06		69.3
1850	1904.07		71.5
1851	1904.08		77.4
1852	1904.09		83
1853	1904.10		84.1
1854	1904.11		84.4
1855	1904.12		85.5
1856	1905.01		87.6
1857	1905.02		89.1
1858	1905.03		90.9
1859	1905.04		94.4
1860	1905.05		100.9
1861	1905.06		105.7
1862	1905.07		105.1
1863	1905.08		100.7
1864	1905.09		97.5
1865	1905.10		99.1
1866	1905.11		100.9
1867	1905.12		102.6
1868	1906.01		105.7
1869	1906.02		107.1
1870	1906.03		106.4
1871	1906.04		102.2
1872	1906.05		93.2
1873	1906.06		89.1
1874	1906.07		91.9
1875	1906.08		99.4
1876	1906.09		104.5
1877	1906.10		104
1878	1906.11		102.8
1879	1906.12		100.2
1880	1907.01		94.9
1881	1907.02		91.6
1882	1907.03		94
1883	1907.04		99.4
1884	1907.05		104.2
1885	1907.06		104.6
1886	1907.07		100.8
1887	1907.08		93.1
1888	1907.09		85.7
1889	1907.10		83.8
1890	1907.11		84
1891	1907.12		84.4
1892	1908.01		84.3
1893	1908.02		86.1
1894	1908.03		88.7
1895	1908.04		86.6
1896	1908.05		83.1
1897	1908.06		81.5
1898	1908.07		82.2
1899	1908.08		84.3
1900	1908.09		87.8
1901	1908.10		88.6
1902	1908.11		86.5
1903	1908.12		84.4
1904	1909.01		82.4
1905	1909.02		77.4
1906	1909.03		69.4
1907	1909.04		67.9
1908	1909.05		70.4
1909	1909.06		72.1
1910	1909.07		71
1911	1909.08		67.9
1912	1909.09		63.7
1913	1909.10		58.9
1914	1909.11		56.3
1915	1909.12		54.6
1916	1910.01		52.4
1917	1910.02		50.1
1918	1910.03		48.4
1919	1910.04		46.2
1920	1910.05		41.2
1921	1910.06		34.4
1922	1910.07		29.4
1923	1910.08		26.2
1924	1910.09		23.7
1925	1910.10		23.3
1926	1910.11		23
1927	1910.12		21.4
1928	1911.01		20
1929	1911.02		18.7
1930	1911.03		16.6
1931	1911.04		12.6
1932	1911.05		10.1
1933	1911.06		9.8
1934	1911.07		9.3
1935	1911.08		8.5
1936	1911.09		7.7
1937	1911.10		6.6
1938	1911.11		5.5
1939	1911.12		5.3
1940	1912.01		5.4
1941	1912.02		5.1
1942	1912.03		5.2
1943	1912.04		5.7
1944	1912.05		5.6
1945	1912.06		5.7
1946	1912.07		6.1
1947	1912.08		6.5
1948	1912.09		6.4
1949	1912.10		5.8
1950	1912.11		5.2
1951	1912.12		4.7
1952	1913.01		4.3
1953	1913.02		4.2
1954	1913.03		3.6
1955	1913.04		2.9
1956	1913.05		2.8
1957	1913.06		2.6
1958	1913.07		2.5
1959	1913.08		2.5
1960	1913.09		2.6
1961	1913.10		4
1962	1913.11		5.5
1963	1913.12		6.6
1964	1914.01		7.7
1965	1914.02		8.5
1966	1914.03		9.8
1967	1914.04		10.9
1968	1914.05		12.4
1969	1914.06		14.8
1970	1914.07		17.5
1971	1914.08		21.6
1972	1914.09		26.8
1973	1914.10		31
1974	1914.11		34.6
1975	1914.12		40.5
1976	1915.01		49.1
1977	1915.02		58
1978	1915.03		64.8
1979	1915.04		70.5
1980	1915.05		75.5
1981	1915.06		78.1
1982	1915.07		80.5
1983	1915.08		83
1984	1915.09		85.8
1985	1915.10		89.9
1986	1915.11		94.9
1987	1915.12		97.7
1988	1916.01		96.4
1989	1916.02		92.7
1990	1916.03		90
1991	1916.04		89.5
1992	1916.05		91
1993	1916.06		93.9
1994	1916.07		97.2
1995	1916.08		100.4
1996	1916.09		103.4
1997	1916.10		105.6
1998	1916.11		108.5
1999	1916.12		114.6
2000	1917.01		122.4
2001	1917.02		135.3
2002	1917.03		149.5
2003	1917.04		156.8
2004	1917.05		160.4
2005	1917.06		167.9
2006	1917.07		174.7
2007	1917.08		175.7
2008	1917.09		173.6
2009	1917.10		172.5
2010	1917.11		170.3
2011	1917.12		163.8
2012	1918.01		159.1
2013	1918.02		154.6
2014	1918.03		147.5
2015	1918.04		145
2016	1918.05		145
2017	1918.06		139.2
2018	1918.07		131
2019	1918.08		128.6
2020	1918.09		129.2
2021	1918.10		126.9
2022	1918.11		125.7
2023	1918.12		130
2024	1919.01		130.6
2025	1919.02		125.4
2026	1919.03		121.4
2027	1919.04		117.4
2028	1919.05		112.3
2029	1919.06		107.7
2030	1919.07		106.2
2031	1919.08		104.6
2032	1919.09		103.1
2033	1919.10		100.8
2034	1919.11		94.4
2035	1919.12		85.6
2036	1920.01		78
2037	1920.02		71.9
2038	1920.03		67.2
2039	1920.04		65.7
2040	1920.05		64.4
2041	1920.06		63.1
2042	1920.07		61.3
2043	1920.08		58.2
2044	1920.09		53.4
2045	1920.10		51.6
2046	1920.11		52.1
2047	1920.12		51
2048	1921.01		51.6
2049	1921.02		52.9
2050	1921.03		51.8
2051	1921.04		48.3
2052	1921.05		45.5
2053	1921.06		44.2
2054	1921.07		42.2
2055	1921.08		40.7
2056	1921.09		42.5
2057	1921.10		42.9
2058	1921.11		40.5
2059	1921.12		37.6
2060	1922.01		33.5
2061	1922.02		30.2
2062	1922.03		28.2
2063	1922.04		26.4
2064	1922.05		24.9
2065	1922.06		24
2066	1922.07		23.2
2067	1922.08		21
2068	1922.09		15.7
2069	1922.10		11.8
2070	1922.11		11.1
2071	1922.12		11
2072	1923.01		10.7
2073	1923.02		9.8
2074	1923.03		10
2075	1923.04		10.9
2076	1923.05		11.5
2077	1923.06		10.7
2078	1923.07		9.4
2079	1923.08		9.4
2080	1923.09		9.5
2081	1923.10		9.8
2082	1923.11		11.3
2083	1923.12		13.6
2084	1924.01		16.3
2085	1924.02		19.3
2086	1924.03		21.5
2087	1924.04		23.3
2088	1924.05		25.1
2089	1924.06		26.9
2090	1924.07		28.2
2091	1924.08		29.8
2092	1924.09		32.2
2093	1924.10		34.7
2094	1924.11		37.7
2095	1924.12		40.8
2096	1925.01		43.2
2097	1925.02		45.2
2098	1925.03		48.9
2099	1925.04		54.4
2100	1925.05		59.9
2101	1925.06		68.2
2102	1925.07		78.5
2103	1925.08		86.3
2104	1925.09		92.6
2105	1925.10		96.2
2106	1925.11		98.2
2107	1925.12		101.4
2108	1926.01		104.2
2109	1926.02		106.8
2110	1926.03		108.5
2111	1926.04		108.7
2112	1926.05		109
2113	1926.06		107.8
2114	1926.07		107.2
2115	1926.08		109.4
2116	1926.09		111.6
2117	1926.10		115.9
2118	1926.11		120.7
2119	1926.12		120.8
2120	1927.01		120
2121	1927.02		119.6
2122	1927.03		119.6
2123	1927.04		119.5
2124	1927.05		119.4
2125	1927.06		117.5
2126	1927.07		115.2
2127	1927.08		114
2128	1927.09		113.7
2129	1927.10		113.9
2130	1927.11		112.9
2131	1927.12		115
2132	1928.01		120.2
2133	1928.02		125.3
2134	1928.03		128.9
2135	1928.04		130.2
2136	1928.05		128.9
2137	1928.06		128.7
2138	1928.07		128.7
2139	1928.08		126.9
2140	1928.09		123.7
2141	1928.10		119.4
2142	1928.11		116.1
2143	1928.12		113.5
2144	1929.01		110.2
2145	1929.02		107
2146	1929.03		101.9
2147	1929.04		97.5
2148	1929.05		99.2
2149	1929.06		104.7
2150	1929.07		107.9
2151	1929.08		106.7
2152	1929.09		104.7
2153	1929.10		102.7
2154	1929.11		100.2
2155	1929.12		95.7
2156	1930.01		89.3
2157	1930.02		83.2
2158	1930.03		80.2
2159	1930.04		78.6
2160	1930.05		74.1
2161	1930.06		65.2
2162	1930.07		56
2163	1930.08		52
2164	1930.09		51.2
2165	1930.10		50.4
2166	1930.11		49
2167	1930.12		47.2
2168	1931.01		46
2169	1931.02		44.9
2170	1931.03		43.1
2171	1931.04		40.5
2172	1931.05		37.7
2173	1931.06		35.9
2174	1931.07		35.2
2175	1931.08		32.8
2176	1931.09		29.2
2177	1931.10		26.5
2178	1931.11		24.6
2179	1931.12		24.7
2180	1932.01		24.6
2181	1932.02		23.6
2182	1932.03		22.1
2183	1932.04		21
2184	1932.05		20.2
2185	1932.06		19
2186	1932.07		18.6
2187	1932.08		19.4
2188	1932.09		20.1
2189	1932.10		19.5
2190	1932.11		17.9
2191	1932.12		15.7
2192	1933.01		14
2193	1933.02		13.1
2194	1933.03		12.7
2195	1933.04		12.4
2196	1933.05		11.5
2197	1933.06		10.2
2198	1933.07		8.8
2199	1933.08		7.2
2200	1933.09		5.8
2201	1933.10		6
2202	1933.11		7.7
2203	1933.12		9
2204	1934.01		9.5
2205	1934.02		10.5
2206	1934.03		11
2207	1934.04		11.1
2208	1934.05		11.9
2209	1934.06		13.5
2210	1934.07		15.6
2211	1934.08		17.5
2212	1934.09		19.7
2213	1934.10		21.1
2214	1934.11		21.7
2215	1934.12		24.9
2216	1935.01		29.3
2217	1935.02		32.6
2218	1935.03		36.7
2219	1935.04		42.7
2220	1935.05		49.8
2221	1935.06		56.9
2222	1935.07		63.1
2223	1935.08		69.9
2224	1935.09		77.4
2225	1935.10		85.5
2226	1935.11		91.8
2227	1935.12		95.3
2228	1936.01		98.3
2229	1936.02		103.5
2230	1936.03		109.8
2231	1936.04		114.7
2232	1936.05		120.7
2233	1936.06		128.6
2234	1936.07		137.7
2235	1936.08		146.3
2236	1936.09		150.5
2237	1936.10		153.4
2238	1936.11		160.1
2239	1936.12		168.6
2240	1937.01		179.2
2241	1937.02		189.2
2242	1937.03		194.4
2243	1937.04		198.6
2244	1937.05		198.3
2245	1937.06		193
2246	1937.07		188.3
2247	1937.08		185.2
2248	1937.09		184.8
2249	1937.10		184.4
2250	1937.11		184.6
2251	1937.12		183
2252	1938.01		182.2
2253	1938.02		182.1
2254	1938.03		179.8
2255	1938.04		177.2
2256	1938.05		178.7
2257	1938.06		182.3
2258	1938.07		181.4
2259	1938.08		177.2
2260	1938.09		172.8
2261	1938.10		171.8
2262	1938.11		171.8
2263	1938.12		171.4
2264	1939.01		166.9
2265	1939.02		161.5
2266	1939.03		162.4
2267	1939.04		163.3
2268	1939.05		158.8
2269	1939.06		151.5
2270	1939.07		145.9
2271	1939.08		142.6
2272	1939.09		142.6
2273	1939.10		140.6
2274	1939.11		132.7
2275	1939.12		127.1
2276	1940.01		123.8
2277	1940.02		121.7
2278	1940.03		118.5
2279	1940.04		113
2280	1940.05		110
2281	1940.06		111.1
2282	1940.07		112.6
2283	1940.08		111.3
2284	1940.09		107.7
2285	1940.10		103.2
2286	1940.11		99.5
2287	1940.12		96.1
2288	1941.01		94.4
2289	1941.02		91.2
2290	1941.03		88
2291	1941.04		87.3
2292	1941.05		85.3
2293	1941.06		81.6
2294	1941.07		78.5
2295	1941.08		78.3
2296	1941.09		79.4
2297	1941.10		81.9
2298	1941.11		83.6
2299	1941.12		79.9
2300	1942.01		73.1
2301	1942.02		67
2302	1942.03		60.8
2303	1942.04		55.5
2304	1942.05		53.1
2305	1942.06		51.8
2306	1942.07		49.4
2307	1942.08		46.2
2308	1942.09		42.6
2309	1942.10		38.4
2310	1942.11		35.2
2311	1942.12		34.2
2312	1943.01		33.6
2313	1943.02		33.2
2314	1943.03		32.7
2315	1943.04		31.4
2316	1943.05		29.2
2317	1943.06		27.5
2318	1943.07		26.6
2319	1943.08		24
2320	1943.09		20.9
2321	1943.10		18
2322	1943.11		15.4
2323	1943.12		14.4
2324	1944.01		13.6
2325	1944.02		12.9
2326	1944.03		13
2327	1944.04		13.9
2328	1944.05		14.6
2329	1944.06		15.3
2330	1944.07		17
2331	1944.08		18.9
2332	1944.09		20.4
2333	1944.10		23.4
2334	1944.11		27.5
2335	1944.12		31.7
2336	1945.01		36.4
2337	1945.02		39.7
2338	1945.03		41.7
2339	1945.04		46.8
2340	1945.05		52.8
2341	1945.06		55.2
2342	1945.07		57.1
2343	1945.08		64.3
2344	1945.09		73.2
2345	1945.10		80.1
2346	1945.11		86.9
2347	1945.12		93.2
2348	1946.01		101
2349	1946.02		111.7
2350	1946.03		121.5
2351	1946.04		128
2352	1946.05		135.7
2353	1946.06		147.7
2354	1946.07		157.7
2355	1946.08		163.1
2356	1946.09		167.3
2357	1946.10		173.3
2358	1946.11		182.8
2359	1946.12		193.4
2360	1947.01		199.2
2361	1947.02		204.1
2362	1947.03		211.2
2363	1947.04		217.2
2364	1947.05		218.7
2365	1947.06		216.1
2366	1947.07		214.1
2367	1947.08		210.9
2368	1947.09		206
2369	1947.10		206.3
2370	1947.11		207.1
2371	1947.12		205.7
2372	1948.01		205
2373	1948.02		202.3
2374	1948.03		198.9
2375	1948.04		195.7
2376	1948.05		192.2
2377	1948.06		191.6
2378	1948.07		193.5
2379	1948.08		199.8
2380	1948.09		209.1
2381	1948.10		210.3
2382	1948.11		203.8
2383	1948.12		197.1
2384	1949.01		193.4
2385	1949.02		190.4
2386	1949.03		188.5
2387	1949.04		188.4
2388	1949.05		190.9
2389	1949.06		192.5
2390	1949.07		190.3
2391	1949.08		184.1
2392	1949.09		176.1
2393	1949.10		171.4
2394	1949.11		169.4
2395	1949.12		167.1
2396	1950.01		162.8
2397	1950.02		158.5
2398	1950.03		150.7
2399	1950.04		141
2400	1950.05		131.6
2401	1950.06		122.6
2402	1950.07		116.4
2403	1950.08		111.9
2404	1950.09		106.7
2405	1950.10		102.3
2406	1950.11		101.2
2407	1950.12		102.4
2408	1951.01		101.6
2409	1951.02		98.5
2410	1951.03		98.9
2411	1951.04		100.2
2412	1951.05		99.5
2413	1951.06		98.9
2414	1951.07		97.3
2415	1951.08		94
2416	1951.09		89.8
2417	1951.10		84
2418	1951.11		75.3
2419	1951.12		66.5
2420	1952.01		61.5
2421	1952.02		59.8
2422	1952.03		56.2
2423	1952.04		51.4
2424	1952.05		48
2425	1952.06		45.5
2426	1952.07		44
2427	1952.08		42.1
2428	1952.09		40.3
2429	1952.10		39.5
2430	1952.11		38.8
2431	1952.12		37.3
2432	1953.01		34.6
2433	1953.02		31
2434	1953.03		28.6
2435	1953.04		27.2
2436	1953.05		25
2437	1953.06		22
2438	1953.07		18.5
2439	1953.08		16.7
2440	1953.09		16.6
2441	1953.10		15.1
2442	1953.11		12.8
2443	1953.12		10.8
2444	1954.01		9.3
2445	1954.02		8.2
2446	1954.03		6.3
2447	1954.04		5.1
2448	1954.05		5.5
2449	1954.06		6.3
2450	1954.07		7.9
2451	1954.08		10.5
2452	1954.09		11.4
2453	1954.10		11.6
2454	1954.11		13.8
2455	1954.12		17.4
2456	1955.01		20.5
2457	1955.02		23.7
2458	1955.03		28
2459	1955.04		33.5
2460	1955.05		41.2
2461	1955.06		50
2462	1955.07		57
2463	1955.08		66
2464	1955.09		78.8
2465	1955.10		91.3
2466	1955.11		103.5
2467	1955.12		114.8
2468	1956.01		125.8
2469	1956.02		139.4
2470	1956.03		154.7
2471	1956.04		168.1
2472	1956.05		180.4
2473	1956.06		193.9
2474	1956.07		206.1
2475	1956.08		211.8
2476	1956.09		214.5
2477	1956.10		220.6
2478	1956.11		226
2479	1956.12		232.7
2480	1957.01		241.1
2481	1957.02		243.8
2482	1957.03		246.8
2483	1957.04		256.3
2484	1957.05		262.7
2485	1957.06		266.1
2486	1957.07		271.1
2487	1957.08		275.3
2488	1957.09		279.3
2489	1957.10		282.5
2490	1957.11		284.4
2491	1957.12		283.3
2492	1958.01		281.8
2493	1958.02		284.5
2494	1958.03		285
2495	1958.04		278.7
2496	1958.05		271
2497	1958.06		264.5
2498	1958.07		262.3
2499	1958.08		261.9
2500	1958.09		260.3
2501	1958.10		258.1
2502	1958.11		255.9
2503	1958.12		255.6
2504	1959.01		252.9
2505	1959.02		250.4
2506	1959.03		247.1
2507	1959.04		239.7
2508	1959.05		233.9
2509	1959.06		228.5
2510	1959.07		220.6
2511	1959.08		214.2
2512	1959.09		207.1
2513	1959.10		199.7
2514	1959.11		194.2
2515	1959.12		187.6
2516	1960.01		182.5
2517	1960.02		177
2518	1960.03		172.1
2519	1960.04		169.4
2520	1960.05		165.7
2521	1960.06		161.3
2522	1960.07		153.8
2523	1960.08		145
2524	1960.09		138.6
2525	1960.10		132.1
2526	1960.11		124.5
2527	1960.12		118.5
2528	1961.01		113.6
2529	1961.02		105.9
2530	1961.03		97.5
2531	1961.04		91.1
2532	1961.05		85.1
2533	1961.06		79.1
2534	1961.07		75.3
2535	1961.08		74.4
2536	1961.09		74.3
2537	1961.10		73
2538	1961.11		71.7
2539	1961.12		69.1
2540	1962.01		64.2
2541	1962.02		59.4
2542	1962.03		56.7
2543	1962.04		56.1
2544	1962.05		55.9
2545	1962.06		54.6
2546	1962.07		52.5
2547	1962.08		49.8
2548	1962.09		46.7
2549	1962.10		44
2550	1962.11		42.9
2551	1962.12		42.6
2552	1963.01		42.1
2553	1963.02		42.6
2554	1963.03		42.6
2555	1963.04		41.6
2556	1963.05		41.1
2557	1963.06		40.4
2558	1963.07		39.7
2559	1963.08		39
2560	1963.09		38.6
2561	1963.10		37.4
2562	1963.11		34.2
2563	1963.12		30.7
2564	1964.01		28.1
2565	1964.02		25.7
2566	1964.03		22.3
2567	1964.04		18.6
2568	1964.05		16
2569	1964.06		15
2570	1964.07		15.2
2571	1964.08		15.1
2572	1964.09		14.6
2573	1964.10		14.3
2574	1964.11		15
2575	1964.12		16.2
2576	1965.01		17.2
2577	1965.02		17.7
2578	1965.03		18.4
2579	1965.04		19.9
2580	1965.05		21.2
2581	1965.06		21.8
2582	1965.07		22.6
2583	1965.08		23.8
2584	1965.09		25.2
2585	1965.10		28.4
2586	1965.11		32.1
2587	1965.12		35.2
2588	1966.01		39.7
2589	1966.02		44.8
2590	1966.03		49.2
2591	1966.04		53.3
2592	1966.05		57.9
2593	1966.06		63.4
2594	1966.07		71.4
2595	1966.08		80.3
2596	1966.09		89.5
2597	1966.10		95.8
2598	1966.11		99.4
2599	1966.12		103
2600	1967.01		106.2
2601	1967.02		111.6
2602	1967.03		116.5
2603	1967.04		119.8
2604	1967.05		123.9
2605	1967.06		129.4
2606	1967.07		133.3
2607	1967.08		135
2608	1967.09		134.9
2609	1967.10		134.5
2610	1967.11		137.6
2611	1967.12		142.5
2612	1968.01		145.3
2613	1968.02		145.7
2614	1968.03		148.2
2615	1968.04		151.8
2616	1968.05		152.4
2617	1968.06		150.9
2618	1968.07		148.9
2619	1968.08		148.4
2620	1968.09		151.5
2621	1968.10		155.5
2622	1968.11		156.6
2623	1968.12		156
2624	1969.01		155.7
2625	1969.02		155.1
2626	1969.03		152.9
2627	1969.04		150.7
2628	1969.05		150.4
2629	1969.06		150.1
2630	1969.07		149.9
2631	1969.08		150.7
2632	1969.09		149.2
2633	1969.10		147.4
2634	1969.11		148
2635	1969.12		148.5
2636	1970.01		149.5
2637	1970.02		150.1
2638	1970.03		150.3
2639	1970.04		150.3
2640	1970.05		149.8
2641	1970.06		149.1
2642	1970.07		147
2643	1970.08		143
2644	1970.09		137.6
2645	1970.10		132.9
2646	1970.11		126.5
2647	1970.12		119
2648	1971.01		113.8
2649	1971.02		110.1
2650	1971.03		105.3
2651	1971.04		100.4
2652	1971.05		96.5
2653	1971.06		94.5
2654	1971.07		92.7
2655	1971.08		91.5
2656	1971.09		93.2
2657	1971.10		93.8
2658	1971.11		94.7
2659	1971.12		98.3
2660	1972.01		100.3
2661	1972.02		100.9
2662	1972.03		102.6
2663	1972.04		104
2664	1972.05		103.3
2665	1972.06		99.9
2666	1972.07		96.6
2667	1972.08		92.9
2668	1972.09		88.2
2669	1972.10		85.9
2670	1972.11		83.3
2671	1972.12		78.2
2672	1973.01		72.3
2673	1973.02		66.1
2674	1973.03		62.8
2675	1973.04		60.8
2676	1973.05		57.9
2677	1973.06		55.6
2678	1973.07		53.4
2679	1973.08		51.4
2680	1973.09		49
2681	1973.10		46.6
2682	1973.11		45.4
2683	1973.12		45
2684	1974.01		46.8
2685	1974.02		49.1
2686	1974.03		48.5
2687	1974.04		48.3
2688	1974.05		49.4
2689	1974.06		49.3
2690	1974.07		48.6
2691	1974.08		47.3
2692	1974.09		45.8
2693	1974.10		43.2
2694	1974.11		39.3
2695	1974.12		36.1
2696	1975.01		33
2697	1975.02		31.8
2698	1975.03		30.6
2699	1975.04		26.8
2700	1975.05		24.2
2701	1975.06		23.2
2702	1975.07		21.8
2703	1975.08		20.7
2704	1975.09		20.9
2705	1975.10		22.3
2706	1975.11		23.3
2707	1975.12		23.6
2708	1976.01		22.1
2709	1976.02		19.2
2710	1976.03		17.8
2711	1976.04		18.4
2712	1976.05		18.3
2713	1976.06		17.9
2714	1976.07		18.8
2715	1976.08		20.5
2716	1976.09		20.8
2717	1976.10		19.7
2718	1976.11		19.7
2719	1976.12		21.6
2720	1977.01		24.3
2721	1977.02		26.3
2722	1977.03		28.8
2723	1977.04		31.9
2724	1977.05		34.7
2725	1977.06		37.7
2726	1977.07		41.4
2727	1977.08		47.6
2728	1977.09		55.8
2729	1977.10		64.8
2730	1977.11		73.7
2731	1977.12		80.7
2732	1978.01		86.9
2733	1978.02		91.5
2734	1978.03		98.7
2735	1978.04		109
2736	1978.05		117.8
2737	1978.06		126.6
2738	1978.07		138
2739	1978.08		147.3
2740	1978.09		153.6
2741	1978.10		157.3
2742	1978.11		160.4
2743	1978.12		166.7
2744	1979.01		175.2
2745	1979.02		185.4
2746	1979.03		193.3
2747	1979.04		199.9
2748	1979.05		208.5
2749	1979.06		216.7
2750	1979.07		219.5
2751	1979.08		220.1
2752	1979.09		220.4
2753	1979.10		223.4
2754	1979.11		229.8
2755	1979.12		232.9
2756	1980.01		232
2757	1980.02		230.2
2758	1980.03		227.9
2759	1980.04		224.6
2760	1980.05		221.3
2761	1980.06		219.1
2762	1980.07		216.1
2763	1980.08		212
2764	1980.09		211.5
2765	1980.10		211.9
2766	1980.11		209.1
2767	1980.12		202.8
2768	1981.01		199.6
2769	1981.02		202.2
2770	1981.03		205.4
2771	1981.04		205.7
2772	1981.05		204.1
2773	1981.06		200.9
2774	1981.07		198.5
2775	1981.08		199.9
2776	1981.09		202.7
2777	1981.10		201.4
2778	1981.11		196
2779	1981.12		194.1
2780	1982.01		192.7
2781	1982.02		186.6
2782	1982.03		180
2783	1982.04		173.4
2784	1982.05		167.5
2785	1982.06		164
2786	1982.07		161.5
2787	1982.08		153.5
2788	1982.09		141.4
2789	1982.10		133.3
2790	1982.11		131.3
2791	1982.12		130.5
2792	1983.01		127.9
2793	1983.02		123.9
2794	1983.03		117.1
2795	1983.04		110.5
2796	1983.05		104.5
2797	1983.06		95.9
2798	1983.07		89.1
2799	1983.08		88.9
2800	1983.09		91.7
2801	1983.10		92
2802	1983.11		89.7
2803	1983.12		85.5
2804	1984.01		80.5
2805	1984.02		75.8
2806	1984.03		71.2
2807	1984.04		66.8
2808	1984.05		63.5
2809	1984.06		61.7
2810	1984.07		58.3
2811	1984.08		52.2
2812	1984.09		44.3
2813	1984.10		37.2
2814	1984.11		31.6
2815	1984.12		27.4
2816	1985.01		25.2
2817	1985.02		23.5
2818	1985.03		21.7
2819	1985.04		21.3
2820	1985.05		21.4
2821	1985.06		20.8
2822	1985.07		19.9
2823	1985.08		19.6
2824	1985.09		19.8
2825	1985.10		19.7
2826	1985.11		19.1
2827	1985.12		17.3
2828	1986.01		15.2
2829	1986.02		14.3
2830	1986.03		14.3
2831	1986.04		15.1
2832	1986.05		15.8
2833	1986.06		15.2
2834	1986.07		15.1
2835	1986.08		14.4
2836	1986.09		13.5
2837	1986.10		14.7
2838	1986.11		16.6
2839	1986.12		18.3
2840	1987.01		19.9
2841	1987.02		22.3
2842	1987.03		25.5
2843	1987.04		28
2844	1987.05		30.3
2845	1987.06		32.7
2846	1987.07		36.2
2847	1987.08		40.5
2848	1987.09		45.3
2849	1987.10		51
2850	1987.11		55.1
2851	1987.12		60.9
2852	1988.01		69.2
2853	1988.02		76.9
2854	1988.03		84.9
2855	1988.04		93
2856	1988.05		101.4
2857	1988.06		114.3
2858	1988.07		128.5
2859	1988.08		141.1
2860	1988.09		151.2
2861	1988.10		156.9
2862	1988.11		164.4
2863	1988.12		176.1
2864	1989.01		184.8
2865	1989.02		190.7
2866	1989.03		198
2867	1989.04		203.8
2868	1989.05		209.5
2869	1989.06		212.1
2870	1989.07		212
2871	1989.08		211.1
2872	1989.09		210.5
2873	1989.10		212.4
2874	1989.11		212.5
2875	1989.12		206.2
2876	1990.01		201.2
2877	1990.02		202.4
2878	1990.03		200.9
2879	1990.04		198.1
2880	1990.05		195.1
2881	1990.06		192
2882	1990.07		190.1
2883	1990.08		191.6
2884	1990.09		194.6
2885	1990.10		195.2
2886	1990.11		195.2
2887	1990.12		197.8
2888	1991.01		202.8
2889	1991.02		204.4
2890	1991.03		203.9
2891	1991.04		203.8
2892	1991.05		202.9
2893	1991.06		202.8
2894	1991.07		203.5
2895	1991.08		203.3
2896	1991.09		200.9
2897	1991.10		196.7
2898	1991.11		191.4
2899	1991.12		183.1
2900	1992.01		172.6
2901	1992.02		161.1
2902	1992.03		151.8
2903	1992.04		146
2904	1992.05		142.1
2905	1992.06		137.1
2906	1992.07		128.5
2907	1992.08		119.3
2908	1992.09		113
2909	1992.10		109
2910	1992.11		106.3
2911	1992.12		104.5
2912	1993.01		101.9
2913	1993.02		99.3
2914	1993.03		95.4
2915	1993.04		90.2
2916	1993.05		84.2
2917	1993.06		78.6
2918	1993.07		76.5
2919	1993.08		73.6
2920	1993.09		68.3
2921	1993.10		63.2
2922	1993.11		58.4
2923	1993.12		55.1
2924	1994.01		52.6
2925	1994.02		50.2
2926	1994.03		49.4
2927	1994.04		49.6
2928	1994.05		48.7
2929	1994.06		46.4
2930	1994.07		42.7
2931	1994.08		40.1
2932	1994.09		39.7
2933	1994.10		39.4
2934	1994.11		38.7
2935	1994.12		37.6
2936	1995.01		35.6
2937	1995.02		33.7
2938	1995.03		32
2939	1995.04		29.4
2940	1995.05		27.3
2941	1995.06		25.9
2942	1995.07		24.4
2943	1995.08		22
2944	1995.09		19
2945	1995.10		17
2946	1995.11		15.9
2947	1995.12		15.1
2948	1996.01		14.5
2949	1996.02		14.2
2950	1996.03		13.7
2951	1996.04		12
2952	1996.05		11.2
2953	1996.06		11.6
2954	1996.07		11.3
2955	1996.08		11.2
2956	1996.09		11.3
2957	1996.10		12
2958	1996.11		13.4
2959	1996.12		14.3
2960	1997.01		14.5
2961	1997.02		15.2
2962	1997.03		18.3
2963	1997.04		22
2964	1997.05		24.4
2965	1997.06		27.2
2966	1997.07		30.4
2967	1997.08		33.6
2968	1997.09		38.2
2969	1997.10		43.1
2970	1997.11		47.1
2971	1997.12		52
2972	1998.01		58.4
2973	1998.02		65.4
2974	1998.03		72
2975	1998.04		76.9
2976	1998.05		80.8
2977	1998.06		85.4
2978	1998.07		89.8
2979	1998.08		93.5
2980	1998.09		96.4
2981	1998.10		98.2
2982	1998.11		102.3
2983	1998.12		110.4
2984	1999.01		118.4
2985	1999.02		122.5
2986	1999.03		122.3
2987	1999.04		125
2988	1999.05		132.6
2989	1999.06		136.3
2990	1999.07		138.1
2991	1999.08		142.9
2992	1999.09		150.5
2993	1999.10		159.3
2994	1999.11		164.1
2995	1999.12		164
2996	2000.01		166.1
2997	2000.02		170.6
2998	2000.03		174.3
2999	2000.04		175.2
3000	2000.05		172.9
3001	2000.06		172.7
3002	2000.07		174.2
3003	2000.08		172.8
3004	2000.09		168.8
3005	2000.10		165.3
3006	2000.11		163.1
3007	2000.12		162.7
3008	2001.01		158.3
3009	2001.02		152.5
3010	2001.03		155.1
3011	2001.04		160.7
3012	2001.05		163.7
3013	2001.06		167.4
3014	2001.07		172
3015	2001.08		175.8
3016	2001.09		177.1
3017	2001.10		177.3
3018	2001.11		180.3
3019	2001.12		179.1
3020	2002.01		177.6
3021	2002.02		179.7
3022	2002.03		178.2
3023	2002.04		174.4
3024	2002.05		171.3
3025	2002.06		166.9
3026	2002.07		161.5
3027	2002.08		155.4
3028	2002.09		149.5
3029	2002.10		143.9
3030	2002.11		136
3031	2002.12		131.4
3032	2003.01		129.6
3033	2003.02		125.7
3034	2003.03		118.7
3035	2003.04		111.9
3036	2003.05		107
3037	2003.06		101.7
3038	2003.07		96
3039	2003.08		92.9
3040	2003.09		91.8
3041	2003.10		89.1
3042	2003.11		86.9
3043	2003.12		84.1
3044	2004.01		80.1
3045	2004.02		76.4
3046	2004.03		73.2
3047	2004.04		71
3048	2004.05		69.5
3049	2004.06		67.1
3050	2004.07		64.8
3051	2004.08		63
3052	2004.09		60.2
3053	2004.10		57.9
3054	2004.11		56.6
3055	2004.12		55.7
3056	2005.01		54.5
3057	2005.02		53.2
3058	2005.03		52.3
3059	2005.04		49.3
3060	2005.05		45
3061	2005.06		44.5
3062	2005.07		44.6
3063	2005.08		41.9
3064	2005.09		39.4
3065	2005.10		38.9
3066	2005.11		38.4
3067	2005.12		36
3068	2006.01		33
3069	2006.02		29.7
3070	2006.03		27.4
3071	2006.04		27
3072	2006.05		27.4
3073	2006.06		26.2
3074	2006.07		25
3075	2006.08		25.9
3076	2006.09		26
3077	2006.10		23.7
3078	2006.11		21.1
3079	2006.12		20.2
3080	2007.01		19.8
3081	2007.02		19
3082	2007.03		17.7
3083	2007.04		16.4
3084	2007.05		14.4
3085	2007.06		12.8
3086	2007.07		11.6
3087	2007.08		9.9
3088	2007.09		9.6
3089	2007.10		9.9
3090	2007.11		9.2
3091	2007.12		7.9
3092	2008.01		6.6
3093	2008.02		5.6
3094	2008.03		5.1
3095	2008.04		5.1
3096	2008.05		5.4
3097	2008.06		4.8
3098	2008.07		4
3099	2008.08		3.8
3100	2008.09		3.2
3101	2008.10		2.4
3102	2008.11		2.3
3103	2008.12		2.2
3104	2009.01		2.5
3105	2009.02		2.7
3106	2009.03		2.9
3107	2009.04		3.3
3108	2009.05		3.5
3109	2009.06		4.1
3110	2009.07		5.5
3111	2009.08		7.4
3112	2009.09		9.5
3113	2009.10		10.9
3114	2009.11		11.7
3115	2009.12		12.7
3116	2010.01		14
3117	2010.02		16.1
3118	2010.03		18.5
3119	2010.04		20.8
3120	2010.05		23.1
3121	2010.06		24.6
3122	2010.07		25.2
3123	2010.08		26.4
3124	2010.09		29.5
3125	2010.10		34.5
3126	2010.11		39.1
3127	2010.12		42.5
3128	2011.01		45.7
3129	2011.02		48.8
3130	2011.03		53.8
3131	2011.04		61.1
3132	2011.05		69.3
3133	2011.06		77.2
3134	2011.07		83.6
3135	2011.08		86.3
3136	2011.09		86.6
3137	2011.10		87.4
3138	2011.11		89.4
3139	2011.12		92.5
3140	2012.01		95.5
3141	2012.02		98.1
3142	2012.03		98.3
3143	2012.04		95.1
3144	2012.05		90.9
3145	2012.06		86.6
3146	2012.07		84.5
3147	2012.08		85.1
3148	2012.09		85.3
3149	2012.10		85.8
3150	2012.11		87.7
3151	2012.12		88.1
3152	2013.01		86.8
3153	2013.02		86.1
3154	2013.03		84.4
3155	2013.04		84.3
3156	2013.05		87
3157	2013.06		90.9
3158	2013.07		94.6
3159	2013.08		99
3160	2013.09		104.6
3161	2013.10		107
3162	2013.11		106.9
3163	2013.12		107.6
3164	2014.01		109.3
3165	2014.02		110.5
3166	2014.03		114.3
3167	2014.04		116.4
3168	2014.05		115
3169	2014.06		114.1
3170	2014.07		112.6
3171	2014.08		108.3
3172	2014.09		101.9
3173	2014.10		97.3
3174	2014.11		94.7
3175	2014.12		92.2
3176	2015.01		89.3
3177	2015.02		86.1
3178	2015.03		82.1
3179	2015.04		78.9
3180	2015.05		76.1
3181	2015.06		72.1
3182	2015.07		68.3
3183	2015.08		66.4
3184	2015.09		65.9
3185	2015.10		64.3
3186	2015.11		61.2
3187	2015.12		57.8
3188	2016.01		54.4
3189	2016.02		52.5
3190	2016.03		50.4
3191	2016.04		47.8
3192	2016.05		44.8
3193	2016.06		41.5
3194	2016.07		38.5
3195	2016.08		36
3196	2016.09		33.2
3197	2016.10		31.5
3198	2016.11		29.9
3199	2016.12		28.5
3200	2017.01		27.8
3201	2017.02		26.5
3202	2017.03		25.7
3203	2017.04		24.8
3204	2017.05		23.3
3205	2017.06		22.2
3206	2017.07		21
3207	2017.08		19.6
3208	2017.09		18.3
3209	2017.10		16.7
3210	2017.11		15.4
3211	2017.12		15.1
3212	2018.01		14.2
3213	2018.02		12.6
3214	2018.03		9.9
3215	2018.04		7.8
3216	2018.05		7.5
3217	2018.06		7.2
3218	2018.07		7
3219	2018.08		6.7
3220	2018.09		6.5
3221	2018.10		6.8
3222	2018.11		6.7
3223	2018.12		6
3224	2019.01		5.4
3225	2019.02		5
3226	2019.03		4.6
3227	2019.04		4.3
3228	2019.05		3.9
3229	2019.06		3.7
3230	2019.07		3.5
3231	2019.08		3.4
3232	2019.09		3.1
3233	2019.10		2.6
3234	2019.11		2
3235	2019.12		1.8
3236	2020.01		2.2
3237	2020.02		2.7
3238	2020.03		3
3239	2020.04		3.6
3240	2020.05		5.6
3241	2020.06		7.9
3242	2020.07		9
3243	2020.08		9.5
3244	2020.09		10.5
3245	2020.10		11.9
3246	2020.11		13.6
3247	2020.12		15.3
3248	2021.01		17.3
