70.0119
70.0851
70.1258
70.1804
70.2107
70.3083
70.3609
70.3742
70.3882
70.3978
70.4076
70.4152
70.419
70.4215
70.4234
70.4248
70.4259
70.4266
70.427
70.4274
70.4276
70.4278
70.4279
70.428
70.428
70.4281
70.4281
70.4281
70.4281
70.4281
70.4281
70.4281
70.4281
70.4281
70.4281
70.4281
70.4281
70.4281
70.4281
70.4281
70.4281
70.4281
70.4281
70.4281
70.4281
70.4281
70.4281
70.4281
70.4281
70.4281
70.4281
70.4281
70.4281
70.4281
70.4281
70.4281
70.4281
70.4281
70.4281
70.4281
70.4281
70.4281
70.4281
70.4281
70.4281
70.4281
70.4281
70.4281
70.4281
70.4281
70.4281
70.4281
70.4281
70.4281
70.4281
70.4281
70.4281
70.4281
70.4281
70.4281
70.4281
70.4281
70.4281
70.4281
70.4281
70.4281
70.4281
70.4281
70.4281
70.4281
70.4281
70.4281
70.4281
70.4281
70.4281
70.4281
70.4281
70.4281
70.4281
70.4281
70.4281
70.4281
70.4281
70.4281
70.4281
70.4281
70.4281
70.4281
70.4281
70.4281
70.4281
70.4281
70.4281
70.4281
70.4281
70.4281
70.4281
70.4281
70.4281
70.4281
70.4281
70.4281
70.4281
70.4281
70.4281
70.4281
