0.0633833
0.102659
0.16951
0.274978
0.42528
0.584677
0.706942
0.805046
0.874286
0.910442
0.907496
0.882403
0.852658
0.793056
0.729545
0.674528
0.597944
0.512799
0.432554
0.372257
0.304302
0.241953
0.194012
0.153981
0.107884
0.0704386
0.0568784
0.0832926
0.137723
0.231458
0.363912
0.523114
0.66719
0.773376
0.848902
0.903316
0.914665
0.889863
0.869047
0.829309
0.754414
0.698163
0.631458
0.540381
0.458812
0.396232
0.330225
0.268037
0.210568
0.170253
0.12544
0.0838962
0.056311
0.0690074
0.113896
0.188806
0.302824
0.456213
0.616072
0.729828
0.818831
0.88702
0.909557
0.901457
0.881269
0.845899
0.780413
0.717323
0.661819
0.575564
0.49606
0.419014
0.357935
0.293528
0.231776
0.186137
0.144987
0.1003
0.0639828
0.0592971
0.0925326
0.152181
0.252622
0.393987
0.553034
0.687219
0.790993
0.860627
0.907739
0.912377
0.882603
0.861105
0.813096
0.73962
0.68637
0.615595
0.525903
0.446215
0.384664
0.317212
0.254832
0.201633
0.162569
0.115994
0.0770155
0.0525949
0.0756795
0.125042
0.209436
0.334039
0.490506
0.643158
0.752102
0.834466
0.89721
0.911341
0.895683
0.874002
0.83946
0.768321
0.707375
0.647662
0.558256
0.475697
0.408806
0.343165
0.281479
0.221395
0.177689
0.135195
0.0916429
0.0592078
0.0633833
0.102659
0.16951
0.274978
0.42528
0.584677
0.706942
0.805046
0.874286
0.910442
0.907496
0.882403
0.852658
0.793056
0.729545
0.674528
0.597944
0.512799
0.432554
0.372257
0.304302
0.241953
0.194012
0.153981
0.107884
0.0704386
0.0568784
0.0832926
0.137723
0.231458
0.363912
0.523114
0.66719
0.773376
0.848902
0.903316
0.914665
0.889863
0.869047
0.829309
0.754414
0.698163
0.631458
0.540381
0.458812
0.396232
0.330225
0.268037
0.210568
0.170253
0.12544
0.0838962
0.056311
0.0690074
0.113896
0.188806
0.302824
0.456213
0.616072
0.729828
0.818831
0.88702
0.909557
0.901457
0.881269
0.845899
0.780413
0.717323
0.661819
0.575564
0.49606
0.419014
0.357935
0.293528
0.231776
0.186137
0.144987
0.1003
0.0639828
0.0592971
0.0925326
0.152181
0.252622
0.393987
0.553034
0.687219
0.790993
0.860627
0.907739
0.912377
0.882603
0.861105
0.813096
0.73962
0.68637
0.615595
0.525903
0.446215
0.384664
0.317212
0.254832
0.201633
0.162569
0.115994
0.0770155
0.0525949
0.0756795
0.125042
0.209436
0.334039
0.490506
0.643158
0.752102
0.834466
0.89721
0.911341
0.895683
0.874002
0.83946
0.768321
0.707375
0.647662
0.558256
0.475697
0.408806
0.343165
0.281479
0.221395
0.177689
0.135195
0.0916429
0.0592078
0.0633833
0.102659
0.16951
0.274978
0.42528
0.584677
0.706942
0.805046
0.874286
0.910442
0.907496
0.882403
0.852658
0.793056
0.729545
0.674528
0.597944
0.512799
0.432554
0.372257
0.304302
0.241953
0.194012
0.153981
0.107884
0.0704386
0.0568784
0.0832926
0.137723
0.231458
0.363912
0.523114
0.66719
0.773376
0.848902
0.903316
0.914665
0.889863
0.869047
0.829309
0.754414
0.698163
0.631458
0.540381
0.458812
0.396232
0.330225
0.268037
0.210568
0.170253
0.12544
0.0838962
0.056311
0.0690074
0.113896
0.188806
0.302824
0.456213
0.616072
0.729828
0.818831
0.88702
0.909557
0.901457
0.881269
0.845899
0.780413
0.717323
0.661819
0.575564
0.49606
0.419014
0.357935
0.293528
0.231776
0.186137
0.144987
0.1003
0.0639828
0.0592971
0.0925326
0.152181
0.252622
0.393987
0.553034
0.687219
0.790993
0.860627
0.907739
0.912377
0.882603
0.861105
0.813096
0.73962
0.68637
0.615595
0.525903
0.446215
0.384664
0.317212
0.254832
0.201633
0.162569
0.115994
0.0770155
0.0525949
0.0756795
0.125042
0.209436
0.334039
0.490506
0.643158
0.752102
0.834466
0.89721
0.911341
0.895683
0.874002
0.83946
0.768321
0.707375
0.647662
0.558256
0.475697
0.408806
0.343165
0.281479
0.221395
0.177689
0.135195
0.0916429
0.0592078
0.0633833
0.102659
0.16951
0.274978
0.42528
0.584677
0.706942
0.805046
0.874286
0.910442
0.907496
0.882403
0.852658
0.793056
0.729545
0.674528
0.597944
0.512799
0.432554
0.372257
0.304302
0.241953
0.194012
0.153981
0.107884
0.0704386
0.0568784
0.0832926
0.137723
0.231458
0.363912
0.523114
0.66719
0.773376
0.848902
0.903316
0.914665
0.889863
0.869047
0.829309
0.754414
0.698163
0.631458
0.540381
0.458812
0.396232
0.330225
0.268037
0.210568
0.170253
0.12544
0.0838962
0.056311
0.0690074
0.113896
0.188806
0.302824
0.456213
0.616072
0.729828
0.818831
0.88702
0.909557
0.901457
0.881269
0.845899
0.780413
0.717323
0.661819
0.575564
0.49606
0.419014
0.357935
0.293528
0.231776
0.186137
0.144987
0.1003
0.0639828
0.0592971
0.0925326
0.152181
0.252622
0.393987
0.553034
0.687219
0.790993
0.860627
0.907739
0.912377
0.882603
0.861105
0.813096
0.73962
0.68637
0.615595
0.525903
0.446215
0.384664
0.317212
0.254832
0.201633
0.162569
0.115994
0.0770155
0.0525949
0.0756795
0.125042
0.209436
0.334039
0.490506
0.643158
0.752102
0.834466
0.89721
0.911341
0.895683
0.874002
0.83946
0.768321
0.707375
0.647662
0.558256
0.475697
0.408806
0.343165
0.281479
0.221395
0.177689
0.135195
0.0916429
0.0592078
0.0633833
0.102659
0.16951
0.274978
0.42528
0.584677
0.706942
0.805046
0.874286
0.910442
0.907496
0.882403
0.852658
0.793056
0.729545
0.674528
0.597944
0.512799
0.432554
0.372257
0.304302
0.241953
0.194012
0.153981
0.107884
0.0704386
0.0568784
0.0832926
0.137723
0.231458
0.363912
0.523114
0.66719
0.773376
0.848902
0.903316
0.914665
0.889863
0.869047
0.829309
0.754414
0.698163
0.631458
0.540381
0.458812
0.396232
0.330225
0.268037
0.210568
0.170253
0.12544
0.0838962