0
0.000884797
0.00353606
0.0079444
0.0140942
0.0219637
0.0315251
0.0427445
0.0555823
0.0699929
0.0859254
0.103323
0.122125
0.142264
0.16367
0.186265
0.209972
0.234704
0.260376
0.286895
0.314169
0.3421
0.37059
0.399539
0.428843
0.458398
0.488101
0.517846
0.547528
0.577042
0.606283
0.635147
0.663534
0.691342
0.718472
0.74483
0.77032
0.794855
0.818345
0.840709
0.861867
0.881744
0.900271
0.91738
0.933013
0.947113
0.95963
0.970521
0.979746
0.987274
0.993077
0.997135
0.999434
0.999984
0.999434
0.998097
0.995977
0.993077
0.989401
0.984955
0.979746
0.973783
0.967074
0.95963
0.951463
0.942586
0.933013
0.922758
0.911838
0.900271
0.888073
0.875265
0.861867
0.847899
0.833385
0.818345
0.802805
0.786788
0.77032
0.753427
0.736136
0.718472
0.700465
0.682143
0.663534
0.644668
0.625574
0.606283
0.586824
0.567229
0.547528
0.527752
0.507933
0.488101
0.468288
0.448525
0.428843
0.409272
0.389845
0.37059
0.35154
0.332723
0.314169
0.295907
0.277967
0.260376
0.243161
0.226351
0.209972
0.194048
0.178606
0.16367
0.149263
0.135407
0.122125
0.109438
0.0973649
0.0859254
0.0751373
0.0650176
0.0555823
0.0468461
0.0388229
0.0315251
0.0249644
0.0191511
0.0140942
0.00980179
0.00628056
0.00353606
0.00157261
0.000393308
0
0.000884797
0.00353606
0.0079444
0.0140942
0.0219637
0.0315251
0.0427445
0.0555823
0.0699929
0.0859254
0.103323
0.122125
0.142264
0.16367
0.186265
0.209972
0.234704
0.260376
0.286895
0.314169
0.3421
0.37059
0.399539
0.428843
0.458398
0.488101
0.517846
0.547528
0.577042
0.606283
0.635147
0.663534
0.691342
0.718472
0.74483
0.77032
0.794855
0.818345
0.840709
0.861867
0.881744
0.900271
0.91738
0.933013
0.947113
0.95963
0.970521
0.979746
0.987274
0.993077
0.997135
0.999434
0.999984
0.999434
0.998097
0.995977
0.993077
0.989401
0.984955
0.979746
0.973783
0.967074
0.95963
0.951463
0.942586
0.933013
0.922758
0.911838
0.900271
0.888073
0.875265
0.861867
0.847899
0.833385
0.818345
0.802805
0.786788
0.77032
0.753427
0.736136
0.718472
0.700465
0.682143
0.663534
0.644668
0.625574
0.606283
0.586824
0.567229
0.547528
0.527752
0.507933
0.488101
0.468288
0.448525
0.428843
0.409272
0.389845
0.37059
0.35154
0.332723
0.314169
0.295907
0.277967
0.260376
0.243161
0.226351
0.209972
0.194048
0.178606
0.16367
0.149263
0.135407
0.122125
0.109438
0.0973649
0.0859254
0.0751373
0.0650176
0.0555823
0.0468461
0.0388229
0.0315251
0.0249644
0.0191511
0.0140942
0.00980179
0.00628056
0.00353606
0.00157261
0.000393308
0
0.000884797
0.00353606
0.0079444
0.0140942
0.0219637
0.0315251
0.0427445
0.0555823
0.0699929
0.0859254
0.103323
0.122125
0.142264
0.16367
0.186265
0.209972
0.234704
0.260376
0.286895
0.314169
0.3421
0.37059
0.399539
0.428843
0.458398
0.488101
0.517846
0.547528
0.577042
0.606283
0.635147
0.663534
0.691342
0.718472
0.74483
0.77032
0.794855
0.818345
0.840709
0.861867
0.881744
0.900271
0.91738
0.933013
0.947113
0.95963
0.970521
0.979746
0.987274
0.993077
0.997135
0.999434
0.999984
0.999434
0.998097
0.995977
0.993077
0.989401
0.984955
0.979746
0.973783
0.967074
0.95963
0.951463
0.942586
0.933013
0.922758
0.911838
0.900271
0.888073
0.875265
0.861867
0.847899
0.833385
0.818345
0.802805
0.786788
0.77032
0.753427
0.736136
0.718472
0.700465
0.682143
0.663534
0.644668
0.625574
0.606283
0.586824
0.567229
0.547528
0.527752
0.507933
0.488101
0.468288
0.448525
0.428843
0.409272
0.389845
0.37059
0.35154
0.332723
0.314169
0.295907
0.277967
0.260376
0.243161
0.226351
0.209972
0.194048
0.178606
0.16367
0.149263
0.135407
0.122125
0.109438
0.0973649
0.0859254
0.0751373
0.0650176
0.0555823
0.0468461
0.0388229
0.0315251
0.0249644
0.0191511
0.0140942
0.00980179
0.00628056
0.00353606
0.00157261
0.000393308
0
0.000884797
0.00353606
0.0079444
0.0140942
0.0219637
0.0315251
0.0427445
0.0555823
0.0699929
0.0859254
0.103323
0.122125
0.142264
0.16367
0.186265
0.209972
0.234704
0.260376
0.286895
0.314169
0.3421
0.37059
0.399539
0.428843
0.458398
0.488101
0.517846
0.547528
0.577042
0.606283
0.635147
0.663534
0.691342
0.718472
0.74483
0.77032
0.794855
0.818345
0.840709
0.861867
0.881744
0.900271
0.91738
0.933013
0.947113
0.95963
0.970521
0.979746
0.987274
0.993077
0.997135
0.999434
0.999984
0.999434
0.998097
0.995977
0.993077
0.989401
0.984955
0.979746
0.973783
0.967074
0.95963
0.951463
0.942586
0.933013
0.922758
0.911838
0.900271
0.888073
0.875265
0.861867
0.847899
0.833385
0.818345
0.802805
0.786788
0.77032
0.753427
0.736136
0.718472
0.700465
0.682143
0.663534
0.644668
0.625574
0.606283
0.586824
0.567229
0.547528
0.527752
0.507933
0.488101
0.468288
0.448525
0.428843
0.409272
0.389845
0.37059
0.35154
0.332723
0.314169
0.295907
0.277967
0.260376
0.243161
0.226351
0.209972
0.194048
0.178606
0.16367
0.149263
0.135407
0.122125
0.109438
0.0973649
0.0859254
0.0751373
0.0650176
0.0555823
0.0468461
0.0388229
0.0315251
0.0249644
0.0191511
0.0140942
0.00980179
0.00628056
0.00353606
0.00157261
0.000393308
0
0.000884797
0.00353606
0.0079444
0.0140942
0.0219637
0.0315251
0.0427445
0.0555823
0.0699929
0.0859254
0.103323
0.122125
0.142264
0.16367
0.186265
0.209972
0.234704
0.260376
0.286895
0.314169
0.3421
0.37059
0.399539
0.428843
0.458398
0.488101
0.517846
0.547528
0.577042
0.606283
0.635147
0.663534
0.691342
0.718472
0.74483
0.77032
0.794855
0.818345
0.840709
0.861867
0.881744
0.900271
0.91738
0.933013
0.947113
0.95963
0.970521
0.979746
0.987274
0.993077
0.997135
0.999434
0.999984
0.999434
0.998097
0.995977
0.993077
0.989401
0.984955
0.979746
0.973783
0.967074
0.95963
0.951463
0.942586
0.933013
0.922758
0.911838
0.900271
0.888073
0.875265
0.861867
0.847899
0.833385
0.818345
0.802805
0.786788
0.77032
0.753427
0.736136
0.718472
0.700465
0.682143
0.663534
0.644668
0.625574
0.606283
0.586824
0.567229
0.547528
0.527752
0.507933
0.488101
0.468288
0.448525
0.428843
0.409272
0.389845
0.37059
0.35154
0.332723
0.314169
0.295907
0.277967
0.260376
0.243161
0.226351
0.209972
0.194048
0.178606
0.16367
0.149263
0.135407
0.122125
0.109438
0.0973649
0.0859254
0.0751373
0.0650176
0.0555823
0.0468461
0.0388229
0.0315251
0.0249644
0.0191511
0.0140942
0.00980179
0.00628056
0.00353606
0.00157261
0.000393308
0
0.000884797
0.00353606
0.0079444
0.0140942
0.0219637
0.0315251
0.0427445
0.0555823
0.0699929
0.0859254
0.103323
0.122125
0.142264
0.16367
0.186265
0.209972
0.234704
0.260376
0.286895
0.314169
0.3421
0.37059
0.399539
0.428843
0.458398
0.488101
0.517846
0.547528
0.577042
0.606283
0.635147
0.663534
0.691342
0.718472
0.74483
0.77032
0.794855
0.818345
0.840709
0.861867
0.881744
0.900271
0.91738
0.933013
0.947113
0.95963
0.970521
0.979746
0.987274
0.993077
0.997135
0.999434
0.999984
0.999434
0.998097
0.995977
0.993077
0.989401
0.984955
0.979746
0.973783
0.967074
0.95963
0.951463
0.942586
0.933013
0.922758
0.911838
0.900271
0.888073
0.875265
0.861867
0.847899
0.833385
0.818345
0.802805
0.786788
0.77032
0.753427
0.736136
0.718472
0.700465
0.682143
0.663534
0.644668
0.625574
0.606283
0.586824
0.567229
0.547528
0.527752
0.507933
0.488101
0.468288
0.448525
0.428843
0.409272
0.389845
0.37059
0.35154
0.332723
0.314169
0.295907
0.277967
0.260376
0.243161
0.226351
0.209972
0.194048
0.178606
0.16367
0.149263
0.135407
0.122125
0.109438
0.0973649
0.0859254
0.0751373
0.0650176
0.0555823
0.0468461
0.0388229
0.0315251
0.0249644
0.0191511
0.0140942
0.00980179
0.00628056
0.00353606
0.00157261
0.000393308
0
0.000884797
0.00353606
0.0079444
0.0140942
0.0219637
0.0315251
0.0427445
0.0555823
0.0699929
0.0859254
0.103323
0.122125
0.142264
0.16367
0.186265
0.209972
0.234704
0.260376
0.286895
0.314169
0.3421
0.37059
0.399539
0.428843
0.458398
0.488101
0.517846
0.547528
0.577042
0.606283
0.635147
0.663534
0.691342
0.718472
0.74483
0.77032
0.794855
0.818345
0.840709
0.861867
0.881744
0.900271
0.91738
0.933013
0.947113
0.95963
0.970521
0.979746
0.987274
0.993077
0.997135
0.999434
0.999984
0.999434
0.998097
0.995977
0.993077
0.989401
0.984955
0.979746
0.973783
0.967074
0.95963
0.951463
0.942586
0.933013
0.922758
0.911838
0.900271
0.888073
0.875265
0.861867
0.847899
0.833385
0.818345
0.802805
0.786788
0.77032
0.753427
0.736136
0.718472
0.700465
0.682143
0.663534
0.644668
0.625574
0.606283
0.586824
0.567229
0.547528
0.527752
0.507933
0.488101
0.468288
0.448525
0.428843
0.409272
0.389845
0.37059
0.35154
0.332723
0.314169
0.295907
0.277967
0.260376
0.243161
0.226351
0.209972
0.194048
0.178606
0.16367
0.149263
0.135407
0.122125
0.109438
0.0973649
0.0859254
0.0751373
0.0650176
0.0555823
0.0468461
0.0388229
0.0315251
0.0249644
0.0191511
0.0140942
0.00980179
0.00628056
0.00353606
0.00157261
0.000393308
0
0.000884797
0.00353606
0.0079444
0.0140942
0.0219637
0.0315251
0.0427445
0.0555823
0.0699929
0.0859254
0.103323
0.122125
0.142264
0.16367
0.186265
0.209972
0.234704
0.260376
0.286895
0.314169
0.3421
0.37059
0.399539
0.428843
0.458398
0.488101
0.517846
0.547528
0.577042
0.606283
0.635147
0.663534
0.691342
0.718472
0.74483
0.77032
0.794855
0.818345
0.840709
0.861867
0.881744
0.900271
0.91738
0.933013
0.947113
0.95963
0.970521
0.979746
0.987274
0.993077
0.997135
0.999434
0.999984
0.999434
0.998097
0.995977
0.993077
0.989401
0.984955
0.979746
0.973783
0.967074
0.95963
0.951463
0.942586
0.933013
0.922758
0.911838
0.900271
0.888073
0.875265
0.861867
0.847899
0.833385
0.818345
0.802805
0.786788
0.77032
0.753427
0.736136
0.718472
0.700465
0.682143
0.663534
0.644668
0.625574
0.606283
0.586824
0.567229
0.547528
0.527752
0.507933
0.488101
0.468288
0.448525
0.428843
0.409272
0.389845
0.37059
0.35154
0.332723
0.314169
0.295907
0.277967
0.260376
0.243161
0.226351
0.209972
0.194048
0.178606
0.16367
0.149263
0.135407
0.122125
0.109438
0.0973649
0.0859254
0.0751373
0.0650176
0.0555823
0.0468461
0.0388229
0.0315251
0.0249644
0.0191511
0.0140942
0.00980179
0.00628056
0.00353606
0.00157261
0.000393308
0
0.000884797
0.00353606
0.0079444
0.0140942
0.0219637
0.0315251
0.0427445
0.0555823
0.0699929
0.0859254
0.103323
0.122125
0.142264
0.16367
0.186265
0.209972
0.234704
0.260376
0.286895
0.314169
0.3421
0.37059
0.399539
0.428843
0.458398
0.488101
0.517846
0.547528
0.577042
0.606283
0.635147
0.663534
0.691342
0.718472
0.74483
0.77032
0.794855
0.818345
0.840709
0.861867
0.881744
0.900271
0.91738
0.933013
0.947113
0.95963
0.970521
0.979746
0.987274
0.993077
0.997135
0.999434
0.999984
0.999434
0.998097
0.995977
0.993077
0.989401
0.984955
0.979746
0.973783
0.967074
0.95963
0.951463
0.942586
0.933013
0.922758
0.911838
0.900271
0.888073
0.875265
0.861867
0.847899
0.833385
0.818345
0.802805
0.786788
0.77032
0.753427
0.736136
0.718472
0.700465
0.682143
0.663534
0.644668
0.625574
0.606283
0.586824
0.567229
0.547528
0.527752
0.507933
0.488101
0.468288
0.448525
0.428843
0.409272
0.389845
0.37059
0.35154
0.332723
0.314169
0.295907
0.277967
0.260376
0.243161
0.226351
0.209972
0.194048
0.178606
0.16367
0.149263
0.135407
0.122125
0.109438
0.0973649
0.0859254
0.0751373
0.0650176
0.0555823
0.0468461
0.0388229
0.0315251
0.0249644
0.0191511
0.0140942
0.00980179
0.00628056
0.00353606
0.00157261
0.000393308
0
0.000884797
0.00353606
0.0079444
0.0140942
0.0219637
0.0315251
0.0427445
0.0555823
0.0699929
0.0859254
0.103323
0.122125
0.142264
0.16367
0.186265
0.209972
0.234704
0.260376
0.286895
0.314169
0.3421
0.37059
0.399539
0.428843
0.458398
0.488101
0.517846
0.547528
0.577042
0.606283
0.635147
0.663534
0.691342
0.718472
0.74483
0.77032
0.794855
0.818345
0.840709
0.861867
0.881744
0.900271
0.91738
0.933013
0.947113
0.95963
0.970521
0.979746
0.987274
0.993077
0.997135
0.999434
0.999984
0.999434
0.998097
0.995977
0.993077
0.989401
0.984955
0.979746
0.973783
0.967074
0.95963
0.951463
0.942586
0.933013
0.922758
0.911838
0.900271
0.888073
0.875265
0.861867
0.847899
0.833385
0.818345
0.802805
0.786788
0.77032
0.753427
0.736136
0.718472
0.700465
0.682143
0.663534
0.644668
0.625574
0.606283
0.586824
0.567229
0.547528
0.527752
0.507933
0.488101
0.468288
0.448525
0.428843
0.409272
0.389845
0.37059
0.35154
0.332723
0.314169
0.295907
0.277967
0.260376
0.243161
0.226351
0.209972
0.194048
0.178606
0.16367
0.149263
0.135407
0.122125
0.109438
0.0973649
0.0859254
0.0751373
0.0650176
0.0555823
0.0468461
0.0388229
0.0315251
0.0249644
0.0191511
0.0140942
0.00980179
0.00628056
0.00353606
0.00157261
0.000393308
0
0.000884797
0.00353606
0.0079444
0.0140942
0.0219637
0.0315251
0.0427445
0.0555823
0.0699929
0.0859254
0.103323
0.122125
0.142264
0.16367
0.186265
0.209972
0.234704
0.260376
0.286895
0.314169
0.3421
0.37059
0.399539
0.428843
0.458398
0.488101
0.517846
0.547528
0.577042
0.606283
0.635147
0.663534
0.691342
0.718472
0.74483
0.77032
0.794855
0.818345
0.840709
0.861867
0.881744
0.900271
0.91738
0.933013
0.947113
0.95963
0.970521
0.979746
0.987274
0.993077
0.997135
0.999434
0.999984
0.999434
0.998097
0.995977
0.993077
0.989401
0.984955
0.979746
0.973783
0.967074
0.95963
0.951463
0.942586
0.933013
0.922758
0.911838
0.900271
0.888073
0.875265
0.861867
0.847899
0.833385
0.818345
0.802805
0.786788
0.77032
0.753427
0.736136
0.718472
0.700465
0.682143
0.663534
0.644668
0.625574
0.606283
0.586824
0.567229
0.547528
0.527752
0.507933
0.488101
0.468288
0.448525
0.428843
0.409272
0.389845
0.37059
0.35154
0.332723
0.314169
0.295907
0.277967
0.260376
0.243161
0.226351
0.209972
0.194048
0.178606
0.16367
0.149263
0.135407
0.122125
0.109438
0.0973649
0.0859254
0.0751373
0.0650176
0.0555823
0.0468461
0.0388229
0.0315251
0.0249644
0.0191511
0.0140942
0.00980179
0.00628056
0.00353606
0.00157261
0.000393308
0
0.000884797
0.00353606
0.0079444
0.0140942
0.0219637
0.0315251
0.0427445
0.0555823
0.0699929
0.0859254
0.103323
0.122125
0.142264
0.16367
0.186265
0.209972
0.234704
0.260376
0.286895
0.314169
0.3421
0.37059
0.399539
0.428843
0.458398
0.488101
0.517846
0.547528
0.577042
0.606283
0.635147
0.663534
0.691342
0.718472
0.74483
0.77032
0.794855
0.818345
0.840709
0.861867
0.881744
0.900271
0.91738
0.933013
0.947113
0.95963
0.970521
0.979746
0.987274
0.993077
0.997135
0.999434
0.999984
0.999434
0.998097
0.995977
0.993077
0.989401
0.984955
0.979746
0.973783
0.967074
0.95963
0.951463
0.942586
0.933013
0.922758
0.911838
0.900271
0.888073
0.875265
0.861867
0.847899
0.833385
0.818345
0.802805
0.786788
0.77032
0.753427
0.736136
0.718472
0.700465
0.682143
0.663534
0.644668
0.625574
0.606283
0.586824
0.567229
0.547528
0.527752
0.507933
0.488101
0.468288
0.448525
0.428843
0.409272
0.389845
0.37059
0.35154
0.332723
0.314169
0.295907
0.277967
0.260376
0.243161
0.226351
0.209972
0.194048
0.178606
0.16367
0.149263
0.135407
0.122125
0.109438
0.0973649
0.0859254
0.0751373
0.0650176
0.0555823
0.0468461
0.0388229
0.0315251
0.0249644
0.0191511
0.0140942
0.00980179
0.00628056
0.00353606
0.00157261
0.000393308
0
0.000884797
0.00353606
0.0079444
0.0140942
0.0219637
0.0315251
0.0427445
0.0555823
0.0699929
0.0859254
0.103323
0.122125
0.142264
0.16367
0.186265
0.209972
0.234704
0.260376
0.286895
0.314169
0.3421
0.37059
0.399539
0.428843
0.458398
0.488101
0.517846
0.547528
0.577042
0.606283
0.635147
0.663534
0.691342
0.718472
0.74483
0.77032
0.794855
0.818345
0.840709
0.861867
0.881744
0.900271
0.91738
0.933013
0.947113
0.95963
0.970521
0.979746
0.987274
0.993077
0.997135
0.999434
0.999984
0.999434
0.998097
0.995977
0.993077
0.989401
0.984955
0.979746
0.973783
0.967074
0.95963
0.951463
0.942586
0.933013
0.922758
0.911838
0.900271
0.888073
0.875265
0.861867
0.847899
0.833385
0.818345
0.802805
0.786788
0.77032
0.753427
0.736136
0.718472
0.700465
0.682143
0.663534
0.644668
0.625574
0.606283
0.586824
0.567229
0.547528
0.527752
0.507933
0.488101
0.468288
0.448525
0.428843
0.409272
0.389845
0.37059
0.35154
0.332723
0.314169
0.295907
0.277967
0.260376
0.243161
0.226351
0.209972
0.194048
0.178606
0.16367
0.149263
0.135407
0.122125
0.109438
0.0973649
0.0859254
0.0751373
0.0650176
0.0555823
0.0468461
0.0388229
0.0315251
0.0249644
0.0191511
0.0140942
0.00980179
0.00628056
0.00353606
0.00157261
0.000393308
0
0.000884797
0.00353606
0.0079444
0.0140942
0.0219637
0.0315251
0.0427445
0.0555823
0.0699929
0.0859254
0.103323
0.122125
0.142264
0.16367
0.186265
0.209972
0.234704
0.260376
0.286895
0.314169
0.3421
0.37059
0.399539
0.428843
0.458398
0.488101
0.517846
0.547528
0.577042
0.606283
0.635147
0.663534
0.691342
0.718472
0.74483
0.77032
0.794855
0.818345
0.840709
0.861867
0.881744
0.900271
0.91738
0.933013
0.947113
0.95963
0.970521
0.979746
0.987274
0.993077
0.997135
0.999434
0.999984
0.999434
0.998097
0.995977
0.993077
0.989401
0.984955
0.979746
0.973783
0.967074
0.95963
0.951463
0.942586
0.933013
0.922758
0.911838
0.900271
0.888073
0.875265
0.861867
0.847899
0.833385
0.818345
0.802805
0.786788
0.77032
0.753427
0.736136
0.718472
0.700465
0.682143
0.663534
0.644668
0.625574
0.606283
0.586824
0.567229
0.547528
0.527752
0.507933
0.488101
0.468288
0.448525
0.428843
0.409272
0.389845
0.37059
0.35154
0.332723
0.314169
0.295907
0.277967
0.260376
0.243161
0.226351
0.209972
0.194048
0.178606
0.16367
0.149263
0.135407
0.122125
0.109438
0.0973649
0.0859254
0.0751373
0.0650176
0.0555823
0.0468461
0.0388229
0.0315251
0.0249644
0.0191511
0.0140942
0.00980179
0.00628056
0.00353606
0.00157261
0.000393308
0
0.000884797
0.00353606
0.0079444
0.0140942
0.0219637
0.0315251
0.0427445
0.0555823
0.0699929
0.0859254
0.103323
0.122125
0.142264
0.16367
0.186265
0.209972
0.234704
0.260376
0.286895
0.314169
0.3421
0.37059
0.399539
0.428843
0.458398
0.488101
0.517846
0.547528
0.577042
0.606283
0.635147
0.663534
0.691342
0.718472
0.74483
0.77032
0.794855
0.818345
0.840709
0.861867
0.881744
0.900271
0.91738
0.933013
0.947113
0.95963
0.970521
0.979746
0.987274
0.993077
0.997135
0.999434
0.999984
0.999434
0.998097
0.995977
0.993077
0.989401
0.984955
0.979746
0.973783
0.967074
0.95963
0.951463
0.942586
0.933013
0.922758
0.911838
0.900271
0.888073
0.875265
0.861867
0.847899
0.833385
0.818345
0.802805
0.786788
0.77032
0.753427
0.736136
0.718472
0.700465
0.682143
0.663534
0.644668
0.625574
0.606283
0.586824
0.567229
0.547528
0.527752
0.507933
0.488101
0.468288
0.448525
0.428843
0.409272
0.389845
0.37059
0.35154
0.332723
0.314169
0.295907
0.277967
0.260376
0.243161
0.226351
0.209972
0.194048
0.178606
0.16367
0.149263
0.135407
0.122125
0.109438
0.0973649
0.0859254
0.0751373
0.0650176
0.0555823
0.0468461
0.0388229
0.0315251
0.0249644
0.0191511
0.0140942
0.00980179
0.00628056
0.00353606
0.00157261
0.000393308
0
0.000884797
0.00353606
0.0079444
0.0140942
0.0219637
0.0315251
0.0427445
0.0555823
0.0699929
0.0859254
0.103323
0.122125
0.142264
0.16367
0.186265
0.209972
0.234704
0.260376
0.286895
0.314169
0.3421
0.37059
0.399539
0.428843
0.458398
0.488101
0.517846
0.547528
0.577042
0.606283
0.635147
0.663534
0.691342
0.718472
0.74483
0.77032
0.794855
0.818345
0.840709
0.861867
0.881744
0.900271
0.91738
0.933013
0.947113
0.95963
0.970521
0.979746
0.987274
0.993077
0.997135
0.999434
0.999984
0.999434
0.998097
0.995977
0.993077
0.989401
0.984955
0.979746
0.973783
0.967074
0.95963
0.951463
0.942586
0.933013
0.922758
0.911838
0.900271
0.888073
0.875265
0.861867
0.847899
0.833385
0.818345
0.802805
0.786788
0.77032
0.753427
0.736136
0.718472
0.700465
0.682143
0.663534
0.644668
0.625574
0.606283
0.586824
0.567229
0.547528
0.527752
0.507933
0.488101
0.468288
0.448525
0.428843
0.409272
0.389845
0.37059
0.35154
0.332723
0.314169
0.295907
0.277967
0.260376
0.243161
0.226351
0.209972
0.194048
0.178606
0.16367
0.149263
0.135407
0.122125
0.109438
0.0973649
0.0859254
0.0751373
0.0650176
0.0555823
0.0468461
0.0388229
0.0315251
0.0249644
0.0191511
0.0140942
0.00980179
0.00628056
0.00353606
0.00157261
0.000393308
0
0.000884797
0.00353606
0.0079444
0.0140942
0.0219637
0.0315251
0.0427445
0.0555823
0.0699929
0.0859254
0.103323
0.122125
0.142264
0.16367
0.186265
0.209972
0.234704
0.260376
0.286895
0.314169
0.3421
0.37059
0.399539
0.428843
0.458398
0.488101
0.517846
0.547528
0.577042
0.606283
0.635147
0.663534
0.691342
0.718472
0.74483
0.77032
0.794855
0.818345
0.840709
0.861867
0.881744
0.900271
0.91738
0.933013
0.947113
0.95963
0.970521
0.979746
0.987274
0.993077
0.997135
0.999434
0.999984
0.999434
0.998097
0.995977
0.993077
0.989401
0.984955
0.979746
0.973783
0.967074
0.95963
0.951463
0.942586
0.933013
0.922758
0.911838
0.900271
0.888073
0.875265
0.861867
0.847899
0.833385
0.818345
0.802805
0.786788
0.77032
0.753427
0.736136
0.718472
0.700465
0.682143
0.663534
0.644668
0.625574
0.606283
0.586824
0.567229
0.547528
0.527752
0.507933
0.488101
0.468288
0.448525
0.428843
0.409272
0.389845
0.37059
0.35154
0.332723
0.314169
0.295907
0.277967
0.260376
0.243161
0.226351
0.209972
0.194048
0.178606
0.16367
0.149263
0.135407
0.122125
0.109438
0.0973649
0.0859254
0.0751373
0.0650176
0.0555823
0.0468461
0.0388229
0.0315251
0.0249644
0.0191511
0.0140942
0.00980179
0.00628056
0.00353606
0.00157261
0.000393308
0
0.000884797
0.00353606
0.0079444
0.0140942
0.0219637
0.0315251
0.0427445
0.0555823
0.0699929
0.0859254
0.103323
0.122125
0.142264
0.16367
0.186265
0.209972
0.234704
0.260376
0.286895
0.314169
0.3421
0.37059
0.399539
0.428843
0.458398
0.488101
0.517846
0.547528
0.577042
0.606283
0.635147
0.663534
0.691342
0.718472
0.74483
0.77032
0.794855
0.818345
0.840709
0.861867
0.881744
0.900271
0.91738
0.933013
0.947113
0.95963
0.970521
0.979746
0.987274
0.993077
0.997135
0.999434
0.999984
0.999434
0.998097
0.995977
0.993077
0.989401
0.984955
0.979746
0.973783
0.967074
0.95963
0.951463
0.942586
0.933013
0.922758
0.911838
0.900271
0.888073
0.875265
0.861867
0.847899
0.833385
0.818345
0.802805
0.786788
0.77032
0.753427
0.736136
0.718472
0.700465
0.682143
0.663534
0.644668
0.625574
0.606283
0.586824
0.567229
0.547528
0.527752
0.507933
0.488101
0.468288
0.448525
0.428843
0.409272
0.389845
0.37059
0.35154
0.332723
0.314169
0.295907
0.277967
0.260376
0.243161
0.226351
0.209972
0.194048
0.178606
0.16367
0.149263
0.135407
0.122125
0.109438
0.0973649
0.0859254
0.0751373
0.0650176
0.0555823
0.0468461
0.0388229
0.0315251
0.0249644
0.0191511
0.0140942
0.00980179
0.00628056
0.00353606
0.00157261
0.000393308
0
0.000884797
0.00353606
0.0079444
0.0140942
0.0219637
0.0315251
0.0427445
0.0555823
0.0699929
0.0859254
0.103323
0.122125
0.142264
0.16367
0.186265
0.209972
0.234704
0.260376
0.286895
0.314169
0.3421
0.37059
0.399539
0.428843
0.458398
0.488101
0.517846
0.547528
0.577042
0.606283
0.635147
0.663534
0.691342
0.718472
0.74483
0.77032
0.794855
0.818345
0.840709
0.861867
0.881744
0.900271
0.91738
0.933013
0.947113
0.95963
0.970521
0.979746
0.987274
0.993077
0.997135
0.999434
0.999984
0.999434
0.998097
0.995977
0.993077
0.989401
0.984955
0.979746
0.973783
0.967074
0.95963
0.951463
0.942586
0.933013
0.922758
0.911838
0.900271
0.888073
0.875265
0.861867
0.847899
0.833385
0.818345
0.802805
0.786788
0.77032
0.753427
0.736136
0.718472
0.700465
0.682143
0.663534
0.644668
0.625574
0.606283
0.586824
0.567229
0.547528
0.527752
0.507933
0.488101
0.468288
0.448525
0.428843
0.409272
0.389845
0.37059
0.35154
0.332723
0.314169
0.295907
0.277967
0.260376
0.243161
0.226351
0.209972
0.194048
0.178606
0.16367
0.149263
0.135407
0.122125
0.109438
0.0973649
0.0859254
0.0751373
0.0650176
0.0555823
0.0468461
0.0388229
0.0315251
0.0249644
0.0191511
0.0140942
0.00980179
0.00628056
0.00353606
0.00157261
0.000393308
0
0.000884797
0.00353606
0.0079444
0.0140942
0.0219637
0.0315251
0.0427445
0.0555823
0.0699929
0.0859254
0.103323
0.122125
0.142264
0.16367
0.186265
0.209972
0.234704
0.260376
0.286895
0.314169
0.3421
0.37059
0.399539
0.428843
0.458398
0.488101
0.517846
0.547528
0.577042
0.606283
0.635147
0.663534
0.691342
0.718472
0.74483
0.77032
0.794855
0.818345
0.840709
0.861867
0.881744
0.900271
0.91738
0.933013
0.947113
0.95963
0.970521
0.979746
0.987274
0.993077
0.997135
0.999434
0.999984
0.999434
0.998097
0.995977
0.993077
0.989401
0.984955
0.979746
0.973783
0.967074
0.95963
0.951463
0.942586
0.933013
0.922758
0.911838
0.900271
0.888073
0.875265
0.861867
0.847899
0.833385
0.818345
0.802805
0.786788
0.77032
0.753427
0.736136
0.718472
0.700465
0.682143
0.663534
0.644668
0.625574
0.606283
0.586824
0.567229
0.547528
0.527752
0.507933
0.488101
0.468288
0.448525
0.428843
0.409272
0.389845
0.37059
0.35154
0.332723
0.314169
0.295907
0.277967
0.260376
0.243161
0.226351
0.209972
0.194048
0.178606
0.16367
0.149263
0.135407
0.122125
0.109438
0.0973649
0.0859254
0.0751373
0.0650176
0.0555823
0.0468461
0.0388229
0.0315251
0.0249644
0.0191511
0.0140942
0.00980179
0.00628056
0.00353606
0.00157261
0.000393308
0
0.000884797
0.00353606
0.0079444
0.0140942
0.0219637
0.0315251
0.0427445
0.0555823
0.0699929
0.0859254
0.103323
0.122125
0.142264
0.16367
0.186265
0.209972
0.234704
0.260376
0.286895
0.314169
0.3421
0.37059
0.399539
0.428843
0.458398
0.488101
0.517846
0.547528
0.577042
0.606283
0.635147
0.663534
0.691342
0.718472
0.74483
0.77032
0.794855
0.818345
0.840709
0.861867
0.881744
0.900271
0.91738
0.933013
0.947113
0.95963
0.970521
0.979746
0.987274
0.993077
0.997135
0.999434
0.999984
0.999434
0.998097
0.995977
0.993077
0.989401
0.984955
0.979746
0.973783
0.967074
0.95963
0.951463
0.942586
0.933013
0.922758
0.911838
0.900271
0.888073
0.875265
0.861867
0.847899
0.833385
0.818345
0.802805
0.786788
0.77032
0.753427
0.736136
0.718472
0.700465
0.682143
0.663534
0.644668
0.625574
0.606283
0.586824
0.567229
0.547528
0.527752
0.507933
0.488101
0.468288
0.448525
0.428843
0.409272
0.389845
0.37059
0.35154
0.332723
0.314169
0.295907
0.277967
0.260376
0.243161
0.226351
0.209972
0.194048
0.178606
0.16367
0.149263
0.135407
0.122125
0.109438
0.0973649
0.0859254
0.0751373
0.0650176
0.0555823
0.0468461
0.0388229
0.0315251
0.0249644
0.0191511
0.0140942
0.00980179
0.00628056
0.00353606
0.00157261
0.000393308
0
0.000884797
0.00353606
0.0079444
0.0140942
0.0219637
0.0315251
0.0427445
0.0555823
0.0699929
0.0859254
0.103323
0.122125
0.142264
0.16367
0.186265
0.209972
0.234704
0.260376
0.286895
0.314169
0.3421
0.37059
0.399539
0.428843
0.458398
0.488101
0.517846
0.547528
0.577042
0.606283
0.635147
0.663534
0.691342
0.718472
0.74483
0.77032
0.794855
0.818345
0.840709
0.861867
0.881744
0.900271
0.91738
0.933013
0.947113
0.95963
0.970521
0.979746
0.987274
0.993077
0.997135
0.999434
0.999984
0.999434
0.998097
0.995977
0.993077
0.989401
0.984955
0.979746
0.973783
0.967074
0.95963
0.951463
0.942586
0.933013
0.922758
0.911838
0.900271
0.888073
0.875265
0.861867
0.847899
0.833385
0.818345
0.802805
0.786788
0.77032
0.753427
0.736136
0.718472
0.700465
0.682143
0.663534
0.644668
0.625574
0.606283
0.586824
0.567229
0.547528
0.527752
0.507933
0.488101
0.468288
0.448525
0.428843
0.409272
0.389845
0.37059
0.35154
0.332723
0.314169
0.295907
0.277967
0.260376
0.243161
0.226351
0.209972
0.194048
0.178606
0.16367
0.149263
0.135407
0.122125
0.109438
0.0973649
0.0859254
0.0751373
0.0650176
0.0555823
0.0468461
0.0388229
0.0315251
0.0249644
0.0191511
0.0140942
0.00980179
0.00628056
0.00353606
0.00157261
0.000393308
0
0.000884797
0.00353606
0.0079444
0.0140942
0.0219637
0.0315251
0.0427445
0.0555823
0.0699929
0.0859254
0.103323
0.122125
0.142264
0.16367
0.186265
0.209972
0.234704
0.260376
0.286895
0.314169
0.3421
0.37059
0.399539
0.428843
0.458398
0.488101
0.517846
0.547528
0.577042
0.606283
0.635147
0.663534
0.691342
0.718472
0.74483
0.77032
0.794855
0.818345
0.840709
0.861867
0.881744
0.900271
0.91738
0.933013
0.947113
0.95963
0.970521
0.979746
0.987274
0.993077
0.997135
0.999434
0.999984
0.999434
0.998097
0.995977
0.993077
0.989401
0.984955
0.979746
0.973783
0.967074
0.95963
0.951463
0.942586
0.933013
0.922758
0.911838
0.900271
0.888073
0.875265
0.861867
0.847899
0.833385
0.818345
0.802805
0.786788
0.77032
0.753427
0.736136
0.718472
0.700465
0.682143
0.663534
0.644668
0.625574
0.606283
0.586824
0.567229
0.547528
0.527752
0.507933
0.488101
0.468288
0.448525
0.428843
0.409272
0.389845
0.37059
0.35154
0.332723
0.314169
0.295907
0.277967
0.260376
0.243161
0.226351
0.209972
0.194048
0.178606
0.16367
0.149263
0.135407
0.122125
0.109438
0.0973649
0.0859254
0.0751373
0.0650176
0.0555823
0.0468461
0.0388229
0.0315251
0.0249644
0.0191511
0.0140942
0.00980179
0.00628056
0.00353606
0.00157261
0.000393308
0
0.000884797
0.00353606
0.0079444
0.0140942
0.0219637
0.0315251
0.0427445
0.0555823
0.0699929
0.0859254
0.103323
0.122125
0.142264
0.16367
0.186265
0.209972
0.234704
0.260376
0.286895
0.314169
0.3421
0.37059
0.399539
0.428843
0.458398
0.488101
0.517846
0.547528
0.577042
0.606283
0.635147
0.663534
0.691342
0.718472
0.74483
0.77032
0.794855
0.818345
0.840709
0.861867
0.881744
0.900271
0.91738
0.933013
0.947113
0.95963
0.970521
0.979746
0.987274
0.993077
0.997135
0.999434
0.999984
0.999434
0.998097
0.995977
0.993077
0.989401
0.984955
0.979746
0.973783
0.967074
0.95963
0.951463
0.942586
0.933013
0.922758
0.911838
0.900271
0.888073
0.875265
0.861867
0.847899
0.833385
0.818345
0.802805
0.786788
0.77032
0.753427
0.736136
0.718472
0.700465
0.682143
0.663534
0.644668
0.625574
0.606283
0.586824
0.567229
0.547528
0.527752
0.507933
0.488101
0.468288
0.448525
0.428843
0.409272
0.389845
0.37059
0.35154
0.332723
0.314169
0.295907
0.277967
0.260376
0.243161
0.226351
0.209972
0.194048
0.178606
0.16367
0.149263
0.135407
0.122125
0.109438
0.0973649
0.0859254
0.0751373
0.0650176
0.0555823
0.0468461
0.0388229
0.0315251
0.0249644
0.0191511
0.0140942
0.00980179
0.00628056
0.00353606
0.00157261
0.000393308
