0.0304346
0.030493
0.0305862
0.0307301
0.0313945
0.0328683
0.0347329
0.0374663
0.0400848
0.0439412
0.0506562
0.0587842
0.0670749
0.0733235
0.0796274
0.0888114
0.100318
0.111498
0.120949
0.12829
0.133927
0.139105
0.142514
0.145745
0.150257
0.153155
0.158307
0.161877
0.162955
0.165236
0.1696
0.173808
0.17758
0.179864
0.18458
0.189865
0.191124
0.190917
0.189783
0.18621
0.181976
0.17983
0.171543
0.159178
0.145935
0.133447
0.124843
0.116387
0.1092
0.101007
0.0890536
0.0858395
0.0866142
0.087271
0.086971
0.0881051
0.0922058
0.0972916
0.102982
0.110692
0.110293
0.112442
0.11524
0.11946
0.126541
0.134291
0.139229
0.143228
0.146613
0.148811
0.149763
0.151667
0.153918
0.156888
0.158259
0.158973
0.160615
0.16087
0.159333
0.159607
0.159461
0.157651
0.157083
0.156304
0.159659
0.159793
0.160636
0.16234
0.163793
0.16348
0.162926
0.162085
0.161436
0.161495
0.160649
0.151105
0.148051
0.14997
0.151969
0.15057
0.146862
0.141084
0.133482
0.130548
0.128304
0.123008
0.119311
0.117866
0.116289
0.110352
0.102555
0.0962731
0.0900628
0.0856152
0.0834016
0.0799488
0.0730952
0.0656938
0.0585549
0.0518026
0.0467597
0.0436645
0.0431927
0.0431334
0.0429219
0.0417409
0.0378107
0.0354269
0.0345857
0.0345162
0.0348055
0.0346571
0.0304346
0.030493
0.0305862
0.0307301
0.0313945
0.0328683
0.0347329
0.0374663
0.0400848
0.0439412
0.0506562
0.0587842
0.0670749
0.0733235
0.0796274
0.0888114
0.100318
0.111498
0.120949
0.12829
0.133927
0.139105
0.142514
0.145745
0.150257
0.153155
0.158307
0.161877
0.162955
0.165236
0.1696
0.173808
0.17758
0.179864
0.18458
0.189865
0.191124
0.190917
0.189783
0.18621
0.181976
0.17983
0.171543
0.159178
0.145935
0.133447
0.124843
0.116387
0.1092
0.101007
0.0890536
0.0858395
0.0866142
0.087271
0.086971
0.0881051
0.0922058
0.0972916
0.102982
0.110692
0.110293
0.112442
0.11524
0.11946
0.126541
0.134291
0.139229
0.143228
0.146613
0.148811
0.149763
0.151667
0.153918
0.156888
0.158259
0.158973
0.160615
0.16087
0.159333
0.159607
0.159461
0.157651
0.157083
0.156304
0.159659
0.159793
0.160636
0.16234
0.163793
0.16348
0.162926
0.162085
0.161436
0.161495
0.160649
0.151105
0.148051
0.14997
0.151969
0.15057
0.146862
0.141084
0.133482
0.130548
0.128304
0.123008
0.119311
0.117866
0.116289
0.110352
0.102555
0.0962731
0.0900628
0.0856152
0.0834016
0.0799488
0.0730952
0.0656938
0.0585549
0.0518026
0.0467597
0.0436645
0.0431927
0.0431334
0.0429219
0.0417409
0.0378107
0.0354269
0.0345857
0.0345162
0.0348055
0.0346571
0.0304346
0.030493
0.0305862
0.0307301
0.0313945
0.0328683
0.0347329
0.0374663
0.0400848
0.0439412
0.0506562
0.0587842
0.0670749
0.0733235
0.0796274
0.0888114
0.100318
0.111498
0.120949
0.12829
0.133927
0.139105
0.142514
0.145745
0.150257
0.153155
0.158307
0.161877
0.162955
0.165236
0.1696
0.173808
0.17758
0.179864
0.18458
0.189865
0.191124
0.190917
0.189783
0.18621
0.181976
0.17983
0.171543
0.159178
0.145935
0.133447
0.124843
0.116387
0.1092
0.101007
0.0890536
0.0858395
0.0866142
0.087271
0.086971
0.0881051
0.0922058
0.0972916
0.102982
0.110692
0.110293
0.112442
0.11524
0.11946
0.126541
0.134291
0.139229
0.143228
0.146613
0.148811
0.149763
0.151667
0.153918
0.156888
0.158259
0.158973
0.160615
0.16087
0.159333
0.159607
0.159461
0.157651
0.157083
0.156304
0.159659
0.159793
0.160636
0.16234
0.163793
0.16348
0.162926
0.162085
0.161436
0.161495
0.160649
0.151105
0.148051
0.14997
0.151969
0.15057
0.146862
0.141084
0.133482
0.130548
0.128304
0.123008
0.119311
0.117866
0.116289
0.110352
0.102555
0.0962731
0.0900628
0.0856152
0.0834016
0.0799488
0.0730952
0.0656938
0.0585549
0.0518026
0.0467597
0.0436645
0.0431927
0.0431334
0.0429219
0.0417409
0.0378107
0.0354269
0.0345857
0.0345162
0.0348055
0.0346571
0.0304346
0.030493
0.0305862
0.0307301
0.0313945
0.0328683
0.0347329
0.0374663
0.0400848
0.0439412
0.0506562
0.0587842
0.0670749
0.0733235
0.0796274
0.0888114
0.100318
0.111498
0.120949
0.12829
0.133927
0.139105
0.142514
0.145745
0.150257
0.153155
0.158307
0.161877
0.162955
0.165236
0.1696
0.173808
0.17758
0.179864
0.18458
0.189865
0.191124
0.190917
0.189783
0.18621
0.181976
0.17983
0.171543
0.159178
0.145935
0.133447
0.124843
0.116387
0.1092
0.101007
0.0890536
0.0858395
0.0866142
0.087271
0.086971
0.0881051
0.0922058
0.0972916
0.102982
0.110692
0.110293
0.112442
0.11524
0.11946
0.126541
0.134291
0.139229
0.143228
0.146613
0.148811
0.149763
0.151667
0.153918
0.156888
0.158259
0.158973
0.160615
0.16087
0.159333
0.159607
0.159461
0.157651
0.157083
0.156304
0.159659
0.159793
0.160636
0.16234
0.163793
0.16348
0.162926
0.162085
0.161436
0.161495
0.160649
0.151105
0.148051
0.14997
0.151969
0.15057
0.146862
0.141084
0.133482
0.130548
0.128304
0.123008
0.119311
0.117866
0.116289
0.110352
0.102555
0.0962731
0.0900628
0.0856152
0.0834016
0.0799488
0.0730952
0.0656938
0.0585549
0.0518026
0.0467597
0.0436645
0.0431927
0.0431334
0.0429219
0.0417409
0.0378107
0.0354269
0.0345857
0.0345162
0.0348055
0.0346571
0.0304346
0.030493
0.0305862
0.0307301
0.0313945
0.0328683
0.0347329
0.0374663
0.0400848
0.0439412
0.0506562
0.0587842
0.0670749
0.0733235
0.0796274
0.0888114
0.100318
0.111498
0.120949
0.12829
0.133927
0.139105
0.142514
0.145745
0.150257
0.153155
0.158307
0.161877
0.162955
0.165236
0.1696
0.173808
0.17758
0.179864
0.18458
0.189865
0.191124
0.190917
0.189783
0.18621
0.181976
0.17983
0.171543
0.159178
0.145935
0.133447
0.124843
0.116387
0.1092
0.101007
0.0890536
0.0858395
0.0866142
0.087271
0.086971
0.0881051
0.0922058
0.0972916
0.102982
0.110692
0.110293
0.112442
0.11524
0.11946
0.126541
0.134291
0.139229
0.143228
0.146613
0.148811
0.149763
0.151667
0.153918
0.156888
0.158259
0.158973
0.160615
0.16087
0.159333
0.159607
0.159461
0.157651
0.157083
0.156304
0.159659
0.159793
0.160636
0.16234
0.163793
0.16348
0.162926
0.162085
0.161436
0.161495
0.160649
0.151105
0.148051
0.14997
0.151969
0.15057
0.146862
0.141084
0.133482
0.130548
0.128304
0.123008
0.119311
0.117866
0.116289
0.110352
0.102555
0.0962731
0.0900628
0.0856152
0.0834016
0.0799488
0.0730952
0.0656938
0.0585549
0.0518026
0.0467597
0.0436645
0.0431927
0.0431334
0.0429219
0.0417409
0.0378107
0.0354269
0.0345857
0.0345162
0.0348055
0.0346571
0.0304346
0.030493
0.0305862
0.0307301
0.0313945
0.0328683
0.0347329
0.0374663
0.0400848
0.0439412
0.0506562
0.0587842
0.0670749
0.0733235
0.0796274
0.0888114
0.100318
0.111498
0.120949
0.12829
0.133927
0.139105
0.142514
0.145745
0.150257
0.153155
0.158307
0.161877
0.162955
0.165236
0.1696
0.173808
0.17758
0.179864
0.18458
0.189865
0.191124
0.190917
0.189783
0.18621
0.181976
0.17983
0.171543
0.159178
0.145935
0.133447
0.124843
0.116387
0.1092
0.101007
0.0890536
0.0858395
0.0866142
0.087271
0.086971
0.0881051
0.0922058
0.0972916
0.102982
0.110692
0.110293
0.112442
0.11524
0.11946
0.126541
0.134291
0.139229
0.143228
0.146613
0.148811
0.149763
0.151667
0.153918
0.156888
0.158259
0.158973
0.160615
0.16087
0.159333
0.159607
0.159461
0.157651
0.157083
0.156304
0.159659
0.159793
0.160636
0.16234
0.163793
0.16348
0.162926
0.162085
0.161436
0.161495
0.160649
0.151105
0.148051
0.14997
0.151969
0.15057
0.146862
0.141084
0.133482
0.130548
0.128304
0.123008
0.119311
0.117866
0.116289
0.110352
0.102555
0.0962731
0.0900628
0.0856152
0.0834016
0.0799488
0.0730952
0.0656938
0.0585549
0.0518026
0.0467597
0.0436645
0.0431927
0.0431334
0.0429219
0.0417409
0.0378107
0.0354269
0.0345857
0.0345162
0.0348055
0.0346571
0.0304346
0.030493
0.0305862
0.0307301
0.0313945
0.0328683
0.0347329
0.0374663
0.0400848
0.0439412
0.0506562
0.0587842
0.0670749
0.0733235
0.0796274
0.0888114
0.100318
0.111498
0.120949
0.12829
0.133927
0.139105
0.142514
0.145745
0.150257
0.153155
0.158307
0.161877
0.162955
0.165236
0.1696
0.173808
0.17758
0.179864
0.18458
0.189865
0.191124
0.190917
0.189783
0.18621
0.181976
0.17983
0.171543
0.159178
0.145935
0.133447
0.124843
0.116387
0.1092
0.101007
0.0890536
0.0858395
0.0866142
0.087271
0.086971
0.0881051
0.0922058
0.0972916
0.102982
0.110692
0.110293
0.112442
0.11524
0.11946
0.126541
0.134291
0.139229
0.143228
0.146613
0.148811
0.149763
0.151667
0.153918
0.156888
0.158259
0.158973
0.160615
0.16087
0.159333
0.159607
0.159461
0.157651
0.157083
0.156304
0.159659
0.159793
0.160636
0.16234
0.163793
0.16348
0.162926
0.162085
0.161436
0.161495
0.160649
0.151105
0.148051
0.14997
0.151969
0.15057
0.146862
0.141084
0.133482
0.130548
0.128304
0.123008
0.119311
0.117866
0.116289
0.110352
0.102555
0.0962731
0.0900628
0.0856152
0.0834016
0.0799488
0.0730952
0.0656938
0.0585549
0.0518026
0.0467597
0.0436645
0.0431927
0.0431334
0.0429219
0.0417409
0.0378107
0.0354269
0.0345857
0.0345162
0.0348055
0.0346571
0.0304346
0.030493
0.0305862
0.0307301
0.0313945
0.0328683
0.0347329
0.0374663
0.0400848
0.0439412
0.0506562
0.0587842
0.0670749
0.0733235
0.0796274
0.0888114
0.100318
0.111498
0.120949
0.12829
0.133927
0.139105
0.142514
0.145745
0.150257
0.153155
0.158307
0.161877
0.162955
0.165236
0.1696
0.173808
0.17758
0.179864
0.18458
0.189865
0.191124
0.190917
0.189783
0.18621
0.181976
0.17983
0.171543
0.159178
0.145935
0.133447
0.124843
0.116387
0.1092
0.101007
0.0890536
0.0858395
0.0866142
0.087271
0.086971
0.0881051
0.0922058
0.0972916
0.102982
0.110692
0.110293
0.112442
0.11524
0.11946
0.126541
0.134291
0.139229
0.143228
0.146613
0.148811
0.149763
0.151667
0.153918
0.156888
0.158259
0.158973
0.160615
0.16087
0.159333
0.159607
0.159461
0.157651
0.157083
0.156304
0.159659
0.159793
0.160636
0.16234
0.163793
0.16348
0.162926
0.162085
0.161436
0.161495
0.160649
0.151105
0.148051
0.14997
0.151969
0.15057
0.146862
0.141084
0.133482
0.130548
0.128304
0.123008
0.119311
0.117866
0.116289
0.110352
0.102555
0.0962731
0.0900628
0.0856152
0.0834016
0.0799488
0.0730952
0.0656938
0.0585549
0.0518026
0.0467597
0.0436645
0.0431927
0.0431334
0.0429219
0.0417409
0.0378107
0.0354269
0.0345857
0.0345162
0.0348055
0.0346571
0.0304346
0.030493
0.0305862
0.0307301
0.0313945
0.0328683
0.0347329
0.0374663
0.0400848
0.0439412
0.0506562
0.0587842
0.0670749
0.0733235
0.0796274
0.0888114
0.100318
0.111498
0.120949
0.12829
0.133927
0.139105
0.142514
0.145745
0.150257
0.153155
0.158307
0.161877
0.162955
0.165236
0.1696
0.173808
0.17758
0.179864
0.18458
0.189865
0.191124
0.190917
0.189783
0.18621
0.181976
0.17983
0.171543
0.159178
0.145935
0.133447
0.124843
0.116387
0.1092
0.101007
0.0890536
0.0858395
0.0866142
0.087271
0.086971
0.0881051
0.0922058
0.0972916
0.102982
0.110692
0.110293
0.112442
0.11524
0.11946
0.126541
0.134291
0.139229
0.143228
0.146613
0.148811
0.149763
0.151667
0.153918
0.156888
0.158259
0.158973
0.160615
0.16087
0.159333
0.159607
0.159461
0.157651
0.157083
0.156304
0.159659
0.159793
0.160636
0.16234
0.163793
0.16348
0.162926
0.162085
0.161436
0.161495
0.160649
0.151105
0.148051
0.14997
0.151969
0.15057
0.146862
0.141084
0.133482
0.130548
0.128304
0.123008
0.119311
0.117866
0.116289
0.110352
0.102555
0.0962731
0.0900628
0.0856152
0.0834016
0.0799488
0.0730952
0.0656938
0.0585549
0.0518026
0.0467597
0.0436645
0.0431927
0.0431334
0.0429219
0.0417409
0.0378107
0.0354269
0.0345857
0.0345162
0.0348055
0.0346571
0.0304346
0.030493
0.0305862
0.0307301
0.0313945
0.0328683
0.0347329
0.0374663
0.0400848
0.0439412
0.0506562
0.0587842
0.0670749
0.0733235
0.0796274
0.0888114
0.100318
0.111498
0.120949
0.12829
0.133927
0.139105
0.142514
0.145745
0.150257
0.153155
0.158307
0.161877
0.162955
0.165236
0.1696
0.173808
0.17758
0.179864
0.18458
0.189865
0.191124
0.190917
0.189783
0.18621
0.181976
0.17983
0.171543
0.159178
0.145935
0.133447
0.124843
0.116387
0.1092
0.101007
0.0890536
0.0858395
0.0866142
0.087271
0.086971
0.0881051
0.0922058
0.0972916
0.102982
0.110692
0.110293
0.112442
0.11524
0.11946
0.126541
0.134291
0.139229
0.143228
0.146613
0.148811
0.149763
0.151667
0.153918
0.156888
0.158259
0.158973
0.160615
0.16087
0.159333
0.159607
0.159461
0.157651
0.157083
0.156304
0.159659
0.159793
0.160636
0.16234
0.163793
0.16348
0.162926
0.162085
0.161436
0.161495
0.160649
0.151105
0.148051
0.14997
0.151969
0.15057
0.146862
0.141084
0.133482
0.130548
0.128304
0.123008
0.119311
0.117866
0.116289
0.110352
0.102555
0.0962731
0.0900628
0.0856152
0.0834016
0.0799488
0.0730952
0.0656938
0.0585549
0.0518026
0.0467597
0.0436645
0.0431927
0.0431334
0.0429219
0.0417409
0.0378107
0.0354269
0.0345857
0.0345162
0.0348055
0.0346571
0.0304346
0.030493
0.0305862
0.0307301
0.0313945
0.0328683
0.0347329
0.0374663
0.0400848
0.0439412
0.0506562
0.0587842
0.0670749
0.0733235
0.0796274
0.0888114
0.100318
0.111498
0.120949
0.12829
0.133927
0.139105
0.142514
0.145745
0.150257
0.153155
0.158307
0.161877
0.162955
0.165236
0.1696
0.173808
0.17758
0.179864
0.18458
0.189865
0.191124
0.190917
0.189783
0.18621
0.181976
0.17983
0.171543
0.159178
0.145935
0.133447
0.124843
0.116387
0.1092
0.101007
0.0890536
0.0858395
0.0866142
0.087271
0.086971
0.0881051
0.0922058
0.0972916
0.102982
0.110692
0.110293
0.112442
0.11524
0.11946
0.126541
0.134291
0.139229
0.143228
0.146613
0.148811
0.149763
0.151667
0.153918
0.156888
0.158259
0.158973
0.160615
0.16087
0.159333
0.159607
0.159461
0.157651
0.157083
0.156304
0.159659
0.159793
0.160636
0.16234
0.163793
0.16348
0.162926
0.162085
0.161436
0.161495
0.160649
0.151105
0.148051
0.14997
0.151969
0.15057
0.146862
0.141084
0.133482
0.130548
0.128304
0.123008
0.119311
0.117866
0.116289
0.110352
0.102555
0.0962731
0.0900628
0.0856152
0.0834016
0.0799488
0.0730952
0.0656938
0.0585549
0.0518026
0.0467597
0.0436645
0.0431927
0.0431334
0.0429219
0.0417409
0.0378107
0.0354269
0.0345857
0.0345162
0.0348055
0.0346571
0.0304346
0.030493
0.0305862
0.0307301
0.0313945
0.0328683
0.0347329
0.0374663
0.0400848
0.0439412
0.0506562
0.0587842
0.0670749
0.0733235
0.0796274
0.0888114
0.100318
0.111498
0.120949
0.12829
0.133927
0.139105
0.142514
0.145745
0.150257
0.153155
0.158307
0.161877
0.162955
0.165236
0.1696
0.173808
0.17758
0.179864
0.18458
0.189865
0.191124
0.190917
0.189783
0.18621
0.181976
0.17983
0.171543
0.159178
0.145935
0.133447
0.124843
0.116387
0.1092
0.101007
0.0890536
0.0858395
0.0866142
0.087271
0.086971
0.0881051
0.0922058
0.0972916
0.102982
0.110692
0.110293
0.112442
0.11524
0.11946
0.126541
0.134291
0.139229
0.143228
0.146613
0.148811
0.149763
0.151667
0.153918
0.156888
0.158259
0.158973
0.160615
0.16087
0.159333
0.159607
0.159461
0.157651
0.157083
0.156304
0.159659
0.159793
0.160636
0.16234
0.163793
0.16348
0.162926
0.162085
0.161436
0.161495
0.160649
0.151105
0.148051
0.14997
0.151969
0.15057
0.146862
0.141084
0.133482
0.130548
0.128304
0.123008
0.119311
0.117866
0.116289
0.110352
0.102555
0.0962731
0.0900628
0.0856152
0.0834016
0.0799488
0.0730952
0.0656938
0.0585549
0.0518026
0.0467597
0.0436645
0.0431927
0.0431334
0.0429219
0.0417409
0.0378107
0.0354269
0.0345857
0.0345162
0.0348055
0.0346571
0.0304346
0.030493
0.0305862
0.0307301
0.0313945
0.0328683
0.0347329
0.0374663
0.0400848
0.0439412
0.0506562
0.0587842
0.0670749
0.0733235
0.0796274
0.0888114
0.100318
0.111498
0.120949
0.12829
0.133927
0.139105
0.142514
0.145745
0.150257
0.153155
0.158307
0.161877
0.162955
0.165236
0.1696
0.173808
0.17758
0.179864
0.18458
0.189865
0.191124
0.190917
0.189783
0.18621
0.181976
0.17983
0.171543
0.159178
0.145935
0.133447
0.124843
0.116387
0.1092
0.101007
0.0890536
0.0858395
0.0866142
0.087271
0.086971
0.0881051
0.0922058
0.0972916
0.102982
0.110692
0.110293
0.112442
0.11524
0.11946
0.126541
0.134291
0.139229
0.143228
0.146613
0.148811
0.149763
0.151667
0.153918
0.156888
0.158259
0.158973
0.160615
0.16087
0.159333
0.159607
0.159461
0.157651
0.157083
0.156304
0.159659
0.159793
0.160636
0.16234
0.163793
0.16348
0.162926
0.162085
0.161436
0.161495
0.160649
0.151105
0.148051
0.14997
0.151969
0.15057
0.146862
0.141084
0.133482
0.130548
0.128304
0.123008
0.119311
0.117866
0.116289
0.110352
0.102555
0.0962731
0.0900628
0.0856152
0.0834016
0.0799488
0.0730952
0.0656938
0.0585549
0.0518026
0.0467597
0.0436645
0.0431927
0.0431334
0.0429219
0.0417409
0.0378107
0.0354269
0.0345857
0.0345162
0.0348055
0.0346571
0.0304346
0.030493
0.0305862
0.0307301
0.0313945
0.0328683
0.0347329
0.0374663
0.0400848
0.0439412
0.0506562
0.0587842
0.0670749
0.0733235
0.0796274
0.0888114
0.100318
0.111498
0.120949
0.12829
0.133927
0.139105
0.142514
0.145745
0.150257
0.153155
0.158307
0.161877
0.162955
0.165236
0.1696
0.173808
0.17758
0.179864
0.18458
0.189865
0.191124
0.190917
0.189783
0.18621
0.181976
0.17983
0.171543
0.159178
0.145935
0.133447
0.124843
0.116387
0.1092
0.101007
0.0890536
0.0858395
0.0866142
0.087271
0.086971
0.0881051
0.0922058
0.0972916
0.102982
0.110692
0.110293
0.112442
0.11524
0.11946
0.126541
0.134291
0.139229
0.143228
0.146613
0.148811
0.149763
0.151667
0.153918
0.156888
0.158259
0.158973
0.160615
0.16087
0.159333
0.159607
0.159461
0.157651
0.157083
0.156304
0.159659
0.159793
0.160636
0.16234
0.163793
0.16348
0.162926
0.162085
0.161436
0.161495
0.160649
0.151105
0.148051
0.14997
0.151969
0.15057
0.146862
0.141084
0.133482
0.130548
0.128304
0.123008
0.119311
0.117866
0.116289
0.110352
0.102555
0.0962731
0.0900628
0.0856152
0.0834016
0.0799488
0.0730952
0.0656938
0.0585549
0.0518026
0.0467597
0.0436645
0.0431927
0.0431334
0.0429219
0.0417409
0.0378107
0.0354269
0.0345857
0.0345162
0.0348055
0.0346571
0.0304346
0.030493
0.0305862
0.0307301
0.0313945
0.0328683
0.0347329
0.0374663
0.0400848
0.0439412
0.0506562
0.0587842
0.0670749
0.0733235
0.0796274
0.0888114
0.100318
0.111498
0.120949
0.12829
0.133927
0.139105
0.142514
0.145745
0.150257
0.153155
0.158307
0.161877
0.162955
0.165236
0.1696
0.173808
0.17758
0.179864
0.18458
0.189865
0.191124
0.190917
0.189783
0.18621
0.181976
0.17983
0.171543
0.159178
0.145935
0.133447
0.124843
0.116387
0.1092
0.101007
0.0890536
0.0858395
0.0866142
0.087271
0.086971
0.0881051
0.0922058
0.0972916
0.102982
0.110692
0.110293
0.112442
0.11524
0.11946
0.126541
0.134291
0.139229
0.143228
0.146613
0.148811
0.149763
0.151667
0.153918
0.156888
0.158259
0.158973
0.160615
0.16087
0.159333
0.159607
0.159461
0.157651
0.157083
0.156304
0.159659
0.159793
0.160636
0.16234
0.163793
0.16348
0.162926
0.162085
0.161436
0.161495
0.160649
0.151105
0.148051
0.14997
0.151969
0.15057
0.146862
0.141084
0.133482
0.130548
0.128304
0.123008
0.119311
0.117866
0.116289
0.110352
0.102555
0.0962731
0.0900628
0.0856152
0.0834016
0.0799488
0.0730952
0.0656938
0.0585549
0.0518026
0.0467597
0.0436645
0.0431927
0.0431334
0.0429219
0.0417409
0.0378107
0.0354269
0.0345857
0.0345162
0.0348055
0.0346571
0.0304346
0.030493
0.0305862
0.0307301
0.0313945
0.0328683
0.0347329
0.0374663
0.0400848
0.0439412
0.0506562
0.0587842
0.0670749
0.0733235
0.0796274
0.0888114
0.100318
0.111498
0.120949
0.12829
0.133927
0.139105
0.142514
0.145745
0.150257
0.153155
0.158307
0.161877
0.162955
0.165236
0.1696
0.173808
0.17758
0.179864
0.18458
0.189865
0.191124
0.190917
0.189783
0.18621
0.181976
0.17983
0.171543
0.159178
0.145935
0.133447
0.124843
0.116387
0.1092
0.101007
0.0890536
0.0858395
0.0866142
0.087271
0.086971
0.0881051
0.0922058
0.0972916
0.102982
0.110692
0.110293
0.112442
0.11524
0.11946
0.126541
0.134291
0.139229
0.143228
0.146613
0.148811
0.149763
0.151667
0.153918
0.156888
0.158259
0.158973
0.160615
0.16087
0.159333
0.159607
0.159461
0.157651
0.157083
0.156304
0.159659
0.159793
0.160636
0.16234
0.163793
0.16348
0.162926
0.162085
0.161436
0.161495
0.160649
0.151105
0.148051
0.14997
0.151969
0.15057
0.146862
0.141084
0.133482
0.130548
0.128304
0.123008
0.119311
0.117866
0.116289
0.110352
0.102555
0.0962731
0.0900628
0.0856152
0.0834016
0.0799488
0.0730952
0.0656938
0.0585549
0.0518026
0.0467597
0.0436645
0.0431927
0.0431334
0.0429219
0.0417409
0.0378107
0.0354269
0.0345857
0.0345162
0.0348055
0.0346571
0.0304346
0.030493
0.0305862
0.0307301
0.0313945
0.0328683
0.0347329
0.0374663
0.0400848
0.0439412
0.0506562
0.0587842
0.0670749
0.0733235
0.0796274
0.0888114
0.100318
0.111498
0.120949
0.12829
0.133927
0.139105
0.142514
0.145745
0.150257
0.153155
0.158307
0.161877
0.162955
0.165236
0.1696
0.173808
0.17758
0.179864
0.18458
0.189865
0.191124
0.190917
0.189783
0.18621
0.181976
0.17983
0.171543
0.159178
0.145935
0.133447
0.124843
0.116387
0.1092
0.101007
0.0890536
0.0858395
0.0866142
0.087271
0.086971
0.0881051
0.0922058
0.0972916
0.102982
0.110692
0.110293
0.112442
0.11524
0.11946
0.126541
0.134291
0.139229
0.143228
0.146613
0.148811
0.149763
0.151667
0.153918
0.156888
0.158259
0.158973
0.160615
0.16087
0.159333
0.159607
0.159461
0.157651
0.157083
0.156304
0.159659
0.159793
0.160636
0.16234
0.163793
0.16348
0.162926
0.162085
0.161436
0.161495
0.160649
0.151105
0.148051
0.14997
0.151969
0.15057
0.146862
0.141084
0.133482
0.130548
0.128304
0.123008
0.119311
0.117866
0.116289
0.110352
0.102555
0.0962731
0.0900628
0.0856152
0.0834016
0.0799488
0.0730952
0.0656938
0.0585549
0.0518026
0.0467597
0.0436645
0.0431927
0.0431334
0.0429219
0.0417409
0.0378107
0.0354269
0.0345857
0.0345162
0.0348055
0.0346571
0.0304346
0.030493
0.0305862
0.0307301
0.0313945
0.0328683
0.0347329
0.0374663
0.0400848
0.0439412
0.0506562
0.0587842
0.0670749
0.0733235
0.0796274
0.0888114
0.100318
0.111498
0.120949
0.12829
0.133927
0.139105
0.142514
0.145745
0.150257
0.153155
0.158307
0.161877
0.162955
0.165236
0.1696
0.173808
0.17758
0.179864
0.18458
0.189865
0.191124
0.190917
0.189783
0.18621
0.181976
0.17983
0.171543
0.159178
0.145935
0.133447
0.124843
0.116387
0.1092
0.101007
0.0890536
0.0858395
0.0866142
0.087271
0.086971
0.0881051
0.0922058
0.0972916
0.102982
0.110692
0.110293
0.112442
0.11524
0.11946
0.126541
0.134291
0.139229
0.143228
0.146613
0.148811
0.149763
0.151667
0.153918
0.156888
0.158259
0.158973
0.160615
0.16087
0.159333
0.159607
0.159461
0.157651
0.157083
0.156304
0.159659
0.159793
0.160636
0.16234
0.163793
0.16348
0.162926
0.162085
0.161436
0.161495
0.160649
0.151105
0.148051
0.14997
0.151969
0.15057
0.146862
0.141084
0.133482
0.130548
0.128304
0.123008
0.119311
0.117866
0.116289
0.110352
0.102555
0.0962731
0.0900628
0.0856152
0.0834016
0.0799488
0.0730952
0.0656938
0.0585549
0.0518026
0.0467597
0.0436645
0.0431927
0.0431334
0.0429219
0.0417409
0.0378107
0.0354269
0.0345857
0.0345162
0.0348055
0.0346571
0.0304346
0.030493
0.0305862
0.0307301
0.0313945
0.0328683
0.0347329
0.0374663
0.0400848
0.0439412
0.0506562
0.0587842
0.0670749
0.0733235
0.0796274
0.0888114
0.100318
0.111498
0.120949
0.12829
0.133927
0.139105
0.142514
0.145745
0.150257
0.153155
0.158307
0.161877
0.162955
0.165236
0.1696
0.173808
0.17758
0.179864
0.18458
0.189865
0.191124
0.190917
0.189783
0.18621
0.181976
0.17983
0.171543
0.159178
0.145935
0.133447
0.124843
0.116387
0.1092
0.101007
0.0890536
0.0858395
0.0866142
0.087271
0.086971
0.0881051
0.0922058
0.0972916
0.102982
0.110692
0.110293
0.112442
0.11524
0.11946
0.126541
0.134291
0.139229
0.143228
0.146613
0.148811
0.149763
0.151667
0.153918
0.156888
0.158259
0.158973
0.160615
0.16087
0.159333
0.159607
0.159461
0.157651
0.157083
0.156304
0.159659
0.159793
0.160636
0.16234
0.163793
0.16348
0.162926
0.162085
0.161436
0.161495
0.160649
0.151105
0.148051
0.14997
0.151969
0.15057
0.146862
0.141084
0.133482
0.130548
0.128304
0.123008
0.119311
0.117866
0.116289
0.110352
0.102555
0.0962731
0.0900628
0.0856152
0.0834016
0.0799488
0.0730952
0.0656938
0.0585549
0.0518026
0.0467597
0.0436645
0.0431927
0.0431334
0.0429219
0.0417409
0.0378107
0.0354269
0.0345857
0.0345162
0.0348055
0.0346571
0.0304346
0.030493
0.0305862
0.0307301
0.0313945
0.0328683
0.0347329
0.0374663
0.0400848
0.0439412
0.0506562
0.0587842
0.0670749
0.0733235
0.0796274
0.0888114
0.100318
0.111498
0.120949
0.12829
0.133927
0.139105
0.142514
0.145745
0.150257
0.153155
0.158307
0.161877
0.162955
0.165236
0.1696
0.173808
0.17758
0.179864
0.18458
0.189865
0.191124
0.190917
0.189783
0.18621
0.181976
0.17983
0.171543
0.159178
0.145935
0.133447
0.124843
0.116387
0.1092
0.101007
0.0890536
0.0858395
0.0866142
0.087271
0.086971
0.0881051
0.0922058
0.0972916
0.102982
0.110692
0.110293
0.112442
0.11524
0.11946
0.126541
0.134291
0.139229
0.143228
0.146613
0.148811
0.149763
0.151667
0.153918
0.156888
0.158259
0.158973
0.160615
0.16087
0.159333
0.159607
0.159461
0.157651
0.157083
0.156304
0.159659
0.159793
0.160636
0.16234
0.163793
0.16348
0.162926
0.162085
0.161436
0.161495
0.160649
0.151105
0.148051
0.14997
0.151969
0.15057
0.146862
0.141084
0.133482
0.130548
0.128304
0.123008
0.119311
0.117866
0.116289
0.110352
0.102555
0.0962731
0.0900628
0.0856152
0.0834016
0.0799488
0.0730952
0.0656938
0.0585549
0.0518026
0.0467597
0.0436645
0.0431927
0.0431334
0.0429219
0.0417409
0.0378107
0.0354269
0.0345857
0.0345162
0.0348055
0.0346571
0.0304346
0.030493
0.0305862
0.0307301
0.0313945
0.0328683
0.0347329
0.0374663
0.0400848
0.0439412
0.0506562
0.0587842
0.0670749
0.0733235
0.0796274
0.0888114
0.100318
0.111498
0.120949
0.12829
0.133927
0.139105
0.142514
0.145745
0.150257
0.153155
0.158307
0.161877
0.162955
0.165236
0.1696
0.173808
0.17758
0.179864
0.18458
0.189865
0.191124
0.190917
0.189783
0.18621
0.181976
0.17983
0.171543
0.159178
0.145935
0.133447
0.124843
0.116387
0.1092
0.101007
0.0890536
0.0858395
0.0866142
0.087271
0.086971
0.0881051
0.0922058
0.0972916
0.102982
0.110692
0.110293
0.112442
0.11524
0.11946
0.126541
0.134291
0.139229
0.143228
0.146613
0.148811
0.149763
0.151667
0.153918
0.156888
0.158259
0.158973
0.160615
0.16087
0.159333
0.159607
0.159461
0.157651
0.157083
0.156304
0.159659
0.159793
0.160636
0.16234
0.163793
0.16348
0.162926
0.162085
0.161436
0.161495
0.160649
0.151105
0.148051
0.14997
0.151969
0.15057
0.146862
0.141084
0.133482
0.130548
0.128304
0.123008
0.119311
0.117866
0.116289
0.110352
0.102555
0.0962731
0.0900628
0.0856152
0.0834016
0.0799488
0.0730952
0.0656938
0.0585549
0.0518026
0.0467597
0.0436645
0.0431927
0.0431334
0.0429219
0.0417409
0.0378107
0.0354269
0.0345857
0.0345162
0.0348055
0.0346571
0.0304346
0.030493
0.0305862
0.0307301
0.0313945
0.0328683
0.0347329
0.0374663
0.0400848
0.0439412
0.0506562
0.0587842
0.0670749
0.0733235
0.0796274
0.0888114
0.100318
0.111498
0.120949
0.12829
0.133927
0.139105
0.142514
0.145745
0.150257
0.153155
0.158307
0.161877
0.162955
0.165236
0.1696
0.173808
0.17758
0.179864
0.18458
0.189865
0.191124
0.190917
0.189783
0.18621
0.181976
0.17983
0.171543
0.159178
0.145935
0.133447
0.124843
0.116387
0.1092
0.101007
0.0890536
0.0858395
0.0866142
0.087271
0.086971
0.0881051
0.0922058
0.0972916
0.102982
0.110692
0.110293
0.112442
0.11524
0.11946
0.126541
0.134291
0.139229
0.143228
0.146613
0.148811
0.149763
0.151667
0.153918
0.156888
0.158259
0.158973
0.160615
0.16087
0.159333
0.159607
0.159461
0.157651
0.157083
0.156304
0.159659
0.159793
0.160636
0.16234
0.163793
0.16348
0.162926
0.162085
0.161436
0.161495
0.160649
0.151105
0.148051
0.14997
0.151969
0.15057
0.146862
0.141084
0.133482
0.130548
0.128304
0.123008
0.119311
0.117866
0.116289
0.110352
0.102555
0.0962731
0.0900628
0.0856152
0.0834016
0.0799488
0.0730952
0.0656938
0.0585549
0.0518026
0.0467597
0.0436645
0.0431927
0.0431334
0.0429219
0.0417409
0.0378107
0.0354269
0.0345857
0.0345162
0.0348055
0.0346571