0.0297627
0.0299106
0.0294363
0.0294403
0.0300948
0.0308863
0.0319996
0.0350356
0.0376577
0.0413098
0.0476319
0.0556053
0.0637635
0.0705135
0.0780015
0.0889204
0.102141
0.114116
0.124216
0.132405
0.138623
0.144651
0.149143
0.152675
0.157292
0.160212
0.16483
0.168554
0.170423
0.172122
0.174485
0.177777
0.180391
0.18377
0.188534
0.19425
0.196096
0.196012
0.194676
0.189587
0.1837
0.181686
0.174575
0.165052
0.154382
0.143507
0.134909
0.125215
0.11769
0.110205
0.100496
0.0978252
0.0981555
0.0975834
0.096304
0.0944176
0.0958799
0.100904
0.106098
0.110103
0.113161
0.116808
0.118971
0.12195
0.127407
0.132794
0.134661
0.136117
0.139451
0.143423
0.146804
0.151071
0.155844
0.161016
0.164545
0.165981
0.167601
0.167006
0.16458
0.164015
0.163434
0.16175
0.161266
0.161288
0.159759
0.160096
0.163301
0.166795
0.16804
0.167771
0.166646
0.165391
0.164999
0.165176
0.164006
0.153824
0.150023
0.150029
0.150384
0.148863
0.145616
0.140188
0.134206
0.132754
0.13166
0.127885
0.125517
0.125081
0.123755
0.117441
0.108285
0.0997596
0.0923502
0.0876212
0.0832375
0.0776193
0.0699799
0.0637409
0.0583848
0.0527414
0.0484043
0.0506648
0.0483663
0.0451992
0.0426474
0.0396749
0.0370183
0.035595
0.0353888
0.0356432
0.0360029
0.0358329
0.0297627
0.0299106
0.0294363
0.0294403
0.0300948
0.0308863
0.0319996
0.0350356
0.0376577
0.0413098
0.0476319
0.0556053
0.0637635
0.0705135
0.0780015
0.0889204
0.102141
0.114116
0.124216
0.132405
0.138623
0.144651
0.149143
0.152675
0.157292
0.160212
0.16483
0.168554
0.170423
0.172122
0.174485
0.177777
0.180391
0.18377
0.188534
0.19425
0.196096
0.196012
0.194676
0.189587
0.1837
0.181686
0.174575
0.165052
0.154382
0.143507
0.134909
0.125215
0.11769
0.110205
0.100496
0.0978252
0.0981555
0.0975834
0.096304
0.0944176
0.0958799
0.100904
0.106098
0.110103
0.113161
0.116808
0.118971
0.12195
0.127407
0.132794
0.134661
0.136117
0.139451
0.143423
0.146804
0.151071
0.155844
0.161016
0.164545
0.165981
0.167601
0.167006
0.16458
0.164015
0.163434
0.16175
0.161266
0.161288
0.159759
0.160096
0.163301
0.166795
0.16804
0.167771
0.166646
0.165391
0.164999
0.165176
0.164006
0.153824
0.150023
0.150029
0.150384
0.148863
0.145616
0.140188
0.134206
0.132754
0.13166
0.127885
0.125517
0.125081
0.123755
0.117441
0.108285
0.0997596
0.0923502
0.0876212
0.0832375
0.0776193
0.0699799
0.0637409
0.0583848
0.0527414
0.0484043
0.0506648
0.0483663
0.0451992
0.0426474
0.0396749
0.0370183
0.035595
0.0353888
0.0356432
0.0360029
0.0358329
0.0297627
0.0299106
0.0294363
0.0294403
0.0300948
0.0308863
0.0319996
0.0350356
0.0376577
0.0413098
0.0476319
0.0556053
0.0637635
0.0705135
0.0780015
0.0889204
0.102141
0.114116
0.124216
0.132405
0.138623
0.144651
0.149143
0.152675
0.157292
0.160212
0.16483
0.168554
0.170423
0.172122
0.174485
0.177777
0.180391
0.18377
0.188534
0.19425
0.196096
0.196012
0.194676
0.189587
0.1837
0.181686
0.174575
0.165052
0.154382
0.143507
0.134909
0.125215
0.11769
0.110205
0.100496
0.0978252
0.0981555
0.0975834
0.096304
0.0944176
0.0958799
0.100904
0.106098
0.110103
0.113161
0.116808
0.118971
0.12195
0.127407
0.132794
0.134661
0.136117
0.139451
0.143423
0.146804
0.151071
0.155844
0.161016
0.164545
0.165981
0.167601
0.167006
0.16458
0.164015
0.163434
0.16175
0.161266
0.161288
0.159759
0.160096
0.163301
0.166795
0.16804
0.167771
0.166646
0.165391
0.164999
0.165176
0.164006
0.153824
0.150023
0.150029
0.150384
0.148863
0.145616
0.140188
0.134206
0.132754
0.13166
0.127885
0.125517
0.125081
0.123755
0.117441
0.108285
0.0997596
0.0923502
0.0876212
0.0832375
0.0776193
0.0699799
0.0637409
0.0583848
0.0527414
0.0484043
0.0506648
0.0483663
0.0451992
0.0426474
0.0396749
0.0370183
0.035595
0.0353888
0.0356432
0.0360029
0.0358329
0.0297627
0.0299106
0.0294363
0.0294403
0.0300948
0.0308863
0.0319996
0.0350356
0.0376577
0.0413098
0.0476319
0.0556053
0.0637635
0.0705135
0.0780015
0.0889204
0.102141
0.114116
0.124216
0.132405
0.138623
0.144651
0.149143
0.152675
0.157292
0.160212
0.16483
0.168554
0.170423
0.172122
0.174485
0.177777
0.180391
0.18377
0.188534
0.19425
0.196096
0.196012
0.194676
0.189587
0.1837
0.181686
0.174575
0.165052
0.154382
0.143507
0.134909
0.125215
0.11769
0.110205
0.100496
0.0978252
0.0981555
0.0975834
0.096304
0.0944176
0.0958799
0.100904
0.106098
0.110103
0.113161
0.116808
0.118971
0.12195
0.127407
0.132794
0.134661
0.136117
0.139451
0.143423
0.146804
0.151071
0.155844
0.161016
0.164545
0.165981
0.167601
0.167006
0.16458
0.164015
0.163434
0.16175
0.161266
0.161288
0.159759
0.160096
0.163301
0.166795
0.16804
0.167771
0.166646
0.165391
0.164999
0.165176
0.164006
0.153824
0.150023
0.150029
0.150384
0.148863
0.145616
0.140188
0.134206
0.132754
0.13166
0.127885
0.125517
0.125081
0.123755
0.117441
0.108285
0.0997596
0.0923502
0.0876212
0.0832375
0.0776193
0.0699799
0.0637409
0.0583848
0.0527414
0.0484043
0.0506648
0.0483663
0.0451992
0.0426474
0.0396749
0.0370183
0.035595
0.0353888
0.0356432
0.0360029
0.0358329
0.0297627
0.0299106
0.0294363
0.0294403
0.0300948
0.0308863
0.0319996
0.0350356
0.0376577
0.0413098
0.0476319
0.0556053
0.0637635
0.0705135
0.0780015
0.0889204
0.102141
0.114116
0.124216
0.132405
0.138623
0.144651
0.149143
0.152675
0.157292
0.160212
0.16483
0.168554
0.170423
0.172122
0.174485
0.177777
0.180391
0.18377
0.188534
0.19425
0.196096
0.196012
0.194676
0.189587
0.1837
0.181686
0.174575
0.165052
0.154382
0.143507
0.134909
0.125215
0.11769
0.110205
0.100496
0.0978252
0.0981555
0.0975834
0.096304
0.0944176
0.0958799
0.100904
0.106098
0.110103
0.113161
0.116808
0.118971
0.12195
0.127407
0.132794
0.134661
0.136117
0.139451
0.143423
0.146804
0.151071
0.155844
0.161016
0.164545
0.165981
0.167601
0.167006
0.16458
0.164015
0.163434
0.16175
0.161266
0.161288
0.159759
0.160096
0.163301
0.166795
0.16804
0.167771
0.166646
0.165391
0.164999
0.165176
0.164006
0.153824
0.150023
0.150029
0.150384
0.148863
0.145616
0.140188
0.134206
0.132754
0.13166
0.127885
0.125517
0.125081
0.123755
0.117441
0.108285
0.0997596
0.0923502
0.0876212
0.0832375
0.0776193
0.0699799
0.0637409
0.0583848
0.0527414
0.0484043
0.0506648
0.0483663
0.0451992
0.0426474
0.0396749
0.0370183
0.035595
0.0353888
0.0356432
0.0360029
0.0358329
0.0297627
0.0299106
0.0294363
0.0294403
0.0300948
0.0308863
0.0319996
0.0350356
0.0376577
0.0413098
0.0476319
0.0556053
0.0637635
0.0705135
0.0780015
0.0889204
0.102141
0.114116
0.124216
0.132405
0.138623
0.144651
0.149143
0.152675
0.157292
0.160212
0.16483
0.168554
0.170423
0.172122
0.174485
0.177777
0.180391
0.18377
0.188534
0.19425
0.196096
0.196012
0.194676
0.189587
0.1837
0.181686
0.174575
0.165052
0.154382
0.143507
0.134909
0.125215
0.11769
0.110205
0.100496
0.0978252
0.0981555
0.0975834
0.096304
0.0944176
0.0958799
0.100904
0.106098
0.110103
0.113161
0.116808
0.118971
0.12195
0.127407
0.132794
0.134661
0.136117
0.139451
0.143423
0.146804
0.151071
0.155844
0.161016
0.164545
0.165981
0.167601
0.167006
0.16458
0.164015
0.163434
0.16175
0.161266
0.161288
0.159759
0.160096
0.163301
0.166795
0.16804
0.167771
0.166646
0.165391
0.164999
0.165176
0.164006
0.153824
0.150023
0.150029
0.150384
0.148863
0.145616
0.140188
0.134206
0.132754
0.13166
0.127885
0.125517
0.125081
0.123755
0.117441
0.108285
0.0997596
0.0923502
0.0876212
0.0832375
0.0776193
0.0699799
0.0637409
0.0583848
0.0527414
0.0484043
0.0506648
0.0483663
0.0451992
0.0426474
0.0396749
0.0370183
0.035595
0.0353888
0.0356432
0.0360029
0.0358329
0.0297627
0.0299106
0.0294363
0.0294403
0.0300948
0.0308863
0.0319996
0.0350356
0.0376577
0.0413098
0.0476319
0.0556053
0.0637635
0.0705135
0.0780015
0.0889204
0.102141
0.114116
0.124216
0.132405
0.138623
0.144651
0.149143
0.152675
0.157292
0.160212
0.16483
0.168554
0.170423
0.172122
0.174485
0.177777
0.180391
0.18377
0.188534
0.19425
0.196096
0.196012
0.194676
0.189587
0.1837
0.181686
0.174575
0.165052
0.154382
0.143507
0.134909
0.125215
0.11769
0.110205
0.100496
0.0978252
0.0981555
0.0975834
0.096304
0.0944176
0.0958799
0.100904
0.106098
0.110103
0.113161
0.116808
0.118971
0.12195
0.127407
0.132794
0.134661
0.136117
0.139451
0.143423
0.146804
0.151071
0.155844
0.161016
0.164545
0.165981
0.167601
0.167006
0.16458
0.164015
0.163434
0.16175
0.161266
0.161288
0.159759
0.160096
0.163301
0.166795
0.16804
0.167771
0.166646
0.165391
0.164999
0.165176
0.164006
0.153824
0.150023
0.150029
0.150384
0.148863
0.145616
0.140188
0.134206
0.132754
0.13166
0.127885
0.125517
0.125081
0.123755
0.117441
0.108285
0.0997596
0.0923502
0.0876212
0.0832375
0.0776193
0.0699799
0.0637409
0.0583848
0.0527414
0.0484043
0.0506648
0.0483663
0.0451992
0.0426474
0.0396749
0.0370183
0.035595
0.0353888
0.0356432
0.0360029
0.0358329
0.0297627
0.0299106
0.0294363
0.0294403
0.0300948
0.0308863
0.0319996
0.0350356
0.0376577
0.0413098
0.0476319
0.0556053
0.0637635
0.0705135
0.0780015
0.0889204
0.102141
0.114116
0.124216
0.132405
0.138623
0.144651
0.149143
0.152675
0.157292
0.160212
0.16483
0.168554
0.170423
0.172122
0.174485
0.177777
0.180391
0.18377
0.188534
0.19425
0.196096
0.196012
0.194676
0.189587
0.1837
0.181686
0.174575
0.165052
0.154382
0.143507
0.134909
0.125215
0.11769
0.110205
0.100496
0.0978252
0.0981555
0.0975834
0.096304
0.0944176
0.0958799
0.100904
0.106098
0.110103
0.113161
0.116808
0.118971
0.12195
0.127407
0.132794
0.134661
0.136117
0.139451
0.143423
0.146804
0.151071
0.155844
0.161016
0.164545
0.165981
0.167601
0.167006
0.16458
0.164015
0.163434
0.16175
0.161266
0.161288
0.159759
0.160096
0.163301
0.166795
0.16804
0.167771
0.166646
0.165391
0.164999
0.165176
0.164006
0.153824
0.150023
0.150029
0.150384
0.148863
0.145616
0.140188
0.134206
0.132754
0.13166
0.127885
0.125517
0.125081
0.123755
0.117441
0.108285
0.0997596
0.0923502
0.0876212
0.0832375
0.0776193
0.0699799
0.0637409
0.0583848
0.0527414
0.0484043
0.0506648
0.0483663
0.0451992
0.0426474
0.0396749
0.0370183
0.035595
0.0353888
0.0356432
0.0360029
0.0358329
0.0297627
0.0299106
0.0294363
0.0294403
0.0300948
0.0308863
0.0319996
0.0350356
0.0376577
0.0413098
0.0476319
0.0556053
0.0637635
0.0705135
0.0780015
0.0889204
0.102141
0.114116
0.124216
0.132405
0.138623
0.144651
0.149143
0.152675
0.157292
0.160212
0.16483
0.168554
0.170423
0.172122
0.174485
0.177777
0.180391
0.18377
0.188534
0.19425
0.196096
0.196012
0.194676
0.189587
0.1837
0.181686
0.174575
0.165052
0.154382
0.143507
0.134909
0.125215
0.11769
0.110205
0.100496
0.0978252
0.0981555
0.0975834
0.096304
0.0944176
0.0958799
0.100904
0.106098
0.110103
0.113161
0.116808
0.118971
0.12195
0.127407
0.132794
0.134661
0.136117
0.139451
0.143423
0.146804
0.151071
0.155844
0.161016
0.164545
0.165981
0.167601
0.167006
0.16458
0.164015
0.163434
0.16175
0.161266
0.161288
0.159759
0.160096
0.163301
0.166795
0.16804
0.167771
0.166646
0.165391
0.164999
0.165176
0.164006
0.153824
0.150023
0.150029
0.150384
0.148863
0.145616
0.140188
0.134206
0.132754
0.13166
0.127885
0.125517
0.125081
0.123755
0.117441
0.108285
0.0997596
0.0923502
0.0876212
0.0832375
0.0776193
0.0699799
0.0637409
0.0583848
0.0527414
0.0484043
0.0506648
0.0483663
0.0451992
0.0426474
0.0396749
0.0370183
0.035595
0.0353888
0.0356432
0.0360029
0.0358329
0.0297627
0.0299106
0.0294363
0.0294403
0.0300948
0.0308863
0.0319996
0.0350356
0.0376577
0.0413098
0.0476319
0.0556053
0.0637635
0.0705135
0.0780015
0.0889204
0.102141
0.114116
0.124216
0.132405
0.138623
0.144651
0.149143
0.152675
0.157292
0.160212
0.16483
0.168554
0.170423
0.172122
0.174485
0.177777
0.180391
0.18377
0.188534
0.19425
0.196096
0.196012
0.194676
0.189587
0.1837
0.181686
0.174575
0.165052
0.154382
0.143507
0.134909
0.125215
0.11769
0.110205
0.100496
0.0978252
0.0981555
0.0975834
0.096304
0.0944176
0.0958799
0.100904
0.106098
0.110103
0.113161
0.116808
0.118971
0.12195
0.127407
0.132794
0.134661
0.136117
0.139451
0.143423
0.146804
0.151071
0.155844
0.161016
0.164545
0.165981
0.167601
0.167006
0.16458
0.164015
0.163434
0.16175
0.161266
0.161288
0.159759
0.160096
0.163301
0.166795
0.16804
0.167771
0.166646
0.165391
0.164999
0.165176
0.164006
0.153824
0.150023
0.150029
0.150384
0.148863
0.145616
0.140188
0.134206
0.132754
0.13166
0.127885
0.125517
0.125081
0.123755
0.117441
0.108285
0.0997596
0.0923502
0.0876212
0.0832375
0.0776193
0.0699799
0.0637409
0.0583848
0.0527414
0.0484043
0.0506648
0.0483663
0.0451992
0.0426474
0.0396749
0.0370183
0.035595
0.0353888
0.0356432
0.0360029
0.0358329
0.0297627
0.0299106
0.0294363
0.0294403
0.0300948
0.0308863
0.0319996
0.0350356
0.0376577
0.0413098
0.0476319
0.0556053
0.0637635
0.0705135
0.0780015
0.0889204
0.102141
0.114116
0.124216
0.132405
0.138623
0.144651
0.149143
0.152675
0.157292
0.160212
0.16483
0.168554
0.170423
0.172122
0.174485
0.177777
0.180391
0.18377
0.188534
0.19425
0.196096
0.196012
0.194676
0.189587
0.1837
0.181686
0.174575
0.165052
0.154382
0.143507
0.134909
0.125215
0.11769
0.110205
0.100496
0.0978252
0.0981555
0.0975834
0.096304
0.0944176
0.0958799
0.100904
0.106098
0.110103
0.113161
0.116808
0.118971
0.12195
0.127407
0.132794
0.134661
0.136117
0.139451
0.143423
0.146804
0.151071
0.155844
0.161016
0.164545
0.165981
0.167601
0.167006
0.16458
0.164015
0.163434
0.16175
0.161266
0.161288
0.159759
0.160096
0.163301
0.166795
0.16804
0.167771
0.166646
0.165391
0.164999
0.165176
0.164006
0.153824
0.150023
0.150029
0.150384
0.148863
0.145616
0.140188
0.134206
0.132754
0.13166
0.127885
0.125517
0.125081
0.123755
0.117441
0.108285
0.0997596
0.0923502
0.0876212
0.0832375
0.0776193
0.0699799
0.0637409
0.0583848
0.0527414
0.0484043
0.0506648
0.0483663
0.0451992
0.0426474
0.0396749
0.0370183
0.035595
0.0353888
0.0356432
0.0360029
0.0358329
0.0297627
0.0299106
0.0294363
0.0294403
0.0300948
0.0308863
0.0319996
0.0350356
0.0376577
0.0413098
0.0476319
0.0556053
0.0637635
0.0705135
0.0780015
0.0889204
0.102141
0.114116
0.124216
0.132405
0.138623
0.144651
0.149143
0.152675
0.157292
0.160212
0.16483
0.168554
0.170423
0.172122
0.174485
0.177777
0.180391
0.18377
0.188534
0.19425
0.196096
0.196012
0.194676
0.189587
0.1837
0.181686
0.174575
0.165052
0.154382
0.143507
0.134909
0.125215
0.11769
0.110205
0.100496
0.0978252
0.0981555
0.0975834
0.096304
0.0944176
0.0958799
0.100904
0.106098
0.110103
0.113161
0.116808
0.118971
0.12195
0.127407
0.132794
0.134661
0.136117
0.139451
0.143423
0.146804
0.151071
0.155844
0.161016
0.164545
0.165981
0.167601
0.167006
0.16458
0.164015
0.163434
0.16175
0.161266
0.161288
0.159759
0.160096
0.163301
0.166795
0.16804
0.167771
0.166646
0.165391
0.164999
0.165176
0.164006
0.153824
0.150023
0.150029
0.150384
0.148863
0.145616
0.140188
0.134206
0.132754
0.13166
0.127885
0.125517
0.125081
0.123755
0.117441
0.108285
0.0997596
0.0923502
0.0876212
0.0832375
0.0776193
0.0699799
0.0637409
0.0583848
0.0527414
0.0484043
0.0506648
0.0483663
0.0451992
0.0426474
0.0396749
0.0370183
0.035595
0.0353888
0.0356432
0.0360029
0.0358329
0.0297627
0.0299106
0.0294363
0.0294403
0.0300948
0.0308863
0.0319996
0.0350356
0.0376577
0.0413098
0.0476319
0.0556053
0.0637635
0.0705135
0.0780015
0.0889204
0.102141
0.114116
0.124216
0.132405
0.138623
0.144651
0.149143
0.152675
0.157292
0.160212
0.16483
0.168554
0.170423
0.172122
0.174485
0.177777
0.180391
0.18377
0.188534
0.19425
0.196096
0.196012
0.194676
0.189587
0.1837
0.181686
0.174575
0.165052
0.154382
0.143507
0.134909
0.125215
0.11769
0.110205
0.100496
0.0978252
0.0981555
0.0975834
0.096304
0.0944176
0.0958799
0.100904
0.106098
0.110103
0.113161
0.116808
0.118971
0.12195
0.127407
0.132794
0.134661
0.136117
0.139451
0.143423
0.146804
0.151071
0.155844
0.161016
0.164545
0.165981
0.167601
0.167006
0.16458
0.164015
0.163434
0.16175
0.161266
0.161288
0.159759
0.160096
0.163301
0.166795
0.16804
0.167771
0.166646
0.165391
0.164999
0.165176
0.164006
0.153824
0.150023
0.150029
0.150384
0.148863
0.145616
0.140188
0.134206
0.132754
0.13166
0.127885
0.125517
0.125081
0.123755
0.117441
0.108285
0.0997596
0.0923502
0.0876212
0.0832375
0.0776193
0.0699799
0.0637409
0.0583848
0.0527414
0.0484043
0.0506648
0.0483663
0.0451992
0.0426474
0.0396749
0.0370183
0.035595
0.0353888
0.0356432
0.0360029
0.0358329
0.0297627
0.0299106
0.0294363
0.0294403
0.0300948
0.0308863
0.0319996
0.0350356
0.0376577
0.0413098
0.0476319
0.0556053
0.0637635
0.0705135
0.0780015
0.0889204
0.102141
0.114116
0.124216
0.132405
0.138623
0.144651
0.149143
0.152675
0.157292
0.160212
0.16483
0.168554
0.170423
0.172122
0.174485
0.177777
0.180391
0.18377
0.188534
0.19425
0.196096
0.196012
0.194676
0.189587
0.1837
0.181686
0.174575
0.165052
0.154382
0.143507
0.134909
0.125215
0.11769
0.110205
0.100496
0.0978252
0.0981555
0.0975834
0.096304
0.0944176
0.0958799
0.100904
0.106098
0.110103
0.113161
0.116808
0.118971
0.12195
0.127407
0.132794
0.134661
0.136117
0.139451
0.143423
0.146804
0.151071
0.155844
0.161016
0.164545
0.165981
0.167601
0.167006
0.16458
0.164015
0.163434
0.16175
0.161266
0.161288
0.159759
0.160096
0.163301
0.166795
0.16804
0.167771
0.166646
0.165391
0.164999
0.165176
0.164006
0.153824
0.150023
0.150029
0.150384
0.148863
0.145616
0.140188
0.134206
0.132754
0.13166
0.127885
0.125517
0.125081
0.123755
0.117441
0.108285
0.0997596
0.0923502
0.0876212
0.0832375
0.0776193
0.0699799
0.0637409
0.0583848
0.0527414
0.0484043
0.0506648
0.0483663
0.0451992
0.0426474
0.0396749
0.0370183
0.035595
0.0353888
0.0356432
0.0360029
0.0358329
0.0297627
0.0299106
0.0294363
0.0294403
0.0300948
0.0308863
0.0319996
0.0350356
0.0376577
0.0413098
0.0476319
0.0556053
0.0637635
0.0705135
0.0780015
0.0889204
0.102141
0.114116
0.124216
0.132405
0.138623
0.144651
0.149143
0.152675
0.157292
0.160212
0.16483
0.168554
0.170423
0.172122
0.174485
0.177777
0.180391
0.18377
0.188534
0.19425
0.196096
0.196012
0.194676
0.189587
0.1837
0.181686
0.174575
0.165052
0.154382
0.143507
0.134909
0.125215
0.11769
0.110205
0.100496
0.0978252
0.0981555
0.0975834
0.096304
0.0944176
0.0958799
0.100904
0.106098
0.110103
0.113161
0.116808
0.118971
0.12195
0.127407
0.132794
0.134661
0.136117
0.139451
0.143423
0.146804
0.151071
0.155844
0.161016
0.164545
0.165981
0.167601
0.167006
0.16458
0.164015
0.163434
0.16175
0.161266
0.161288
0.159759
0.160096
0.163301
0.166795
0.16804
0.167771
0.166646
0.165391
0.164999
0.165176
0.164006
0.153824
0.150023
0.150029
0.150384
0.148863
0.145616
0.140188
0.134206
0.132754
0.13166
0.127885
0.125517
0.125081
0.123755
0.117441
0.108285
0.0997596
0.0923502
0.0876212
0.0832375
0.0776193
0.0699799
0.0637409
0.0583848
0.0527414
0.0484043
0.0506648
0.0483663
0.0451992
0.0426474
0.0396749
0.0370183
0.035595
0.0353888
0.0356432
0.0360029
0.0358329
0.0297627
0.0299106
0.0294363
0.0294403
0.0300948
0.0308863
0.0319996
0.0350356
0.0376577
0.0413098
0.0476319
0.0556053
0.0637635
0.0705135
0.0780015
0.0889204
0.102141
0.114116
0.124216
0.132405
0.138623
0.144651
0.149143
0.152675
0.157292
0.160212
0.16483
0.168554
0.170423
0.172122
0.174485
0.177777
0.180391
0.18377
0.188534
0.19425
0.196096
0.196012
0.194676
0.189587
0.1837
0.181686
0.174575
0.165052
0.154382
0.143507
0.134909
0.125215
0.11769
0.110205
0.100496
0.0978252
0.0981555
0.0975834
0.096304
0.0944176
0.0958799
0.100904
0.106098
0.110103
0.113161
0.116808
0.118971
0.12195
0.127407
0.132794
0.134661
0.136117
0.139451
0.143423
0.146804
0.151071
0.155844
0.161016
0.164545
0.165981
0.167601
0.167006
0.16458
0.164015
0.163434
0.16175
0.161266
0.161288
0.159759
0.160096
0.163301
0.166795
0.16804
0.167771
0.166646
0.165391
0.164999
0.165176
0.164006
0.153824
0.150023
0.150029
0.150384
0.148863
0.145616
0.140188
0.134206
0.132754
0.13166
0.127885
0.125517
0.125081
0.123755
0.117441
0.108285
0.0997596
0.0923502
0.0876212
0.0832375
0.0776193
0.0699799
0.0637409
0.0583848
0.0527414
0.0484043
0.0506648
0.0483663
0.0451992
0.0426474
0.0396749
0.0370183
0.035595
0.0353888
0.0356432
0.0360029
0.0358329
0.0297627
0.0299106
0.0294363
0.0294403
0.0300948
0.0308863
0.0319996
0.0350356
0.0376577
0.0413098
0.0476319
0.0556053
0.0637635
0.0705135
0.0780015
0.0889204
0.102141
0.114116
0.124216
0.132405
0.138623
0.144651
0.149143
0.152675
0.157292
0.160212
0.16483
0.168554
0.170423
0.172122
0.174485
0.177777
0.180391
0.18377
0.188534
0.19425
0.196096
0.196012
0.194676
0.189587
0.1837
0.181686
0.174575
0.165052
0.154382
0.143507
0.134909
0.125215
0.11769
0.110205
0.100496
0.0978252
0.0981555
0.0975834
0.096304
0.0944176
0.0958799
0.100904
0.106098
0.110103
0.113161
0.116808
0.118971
0.12195
0.127407
0.132794
0.134661
0.136117
0.139451
0.143423
0.146804
0.151071
0.155844
0.161016
0.164545
0.165981
0.167601
0.167006
0.16458
0.164015
0.163434
0.16175
0.161266
0.161288
0.159759
0.160096
0.163301
0.166795
0.16804
0.167771
0.166646
0.165391
0.164999
0.165176
0.164006
0.153824
0.150023
0.150029
0.150384
0.148863
0.145616
0.140188
0.134206
0.132754
0.13166
0.127885
0.125517
0.125081
0.123755
0.117441
0.108285
0.0997596
0.0923502
0.0876212
0.0832375
0.0776193
0.0699799
0.0637409
0.0583848
0.0527414
0.0484043
0.0506648
0.0483663
0.0451992
0.0426474
0.0396749
0.0370183
0.035595
0.0353888
0.0356432
0.0360029
0.0358329
0.0297627
0.0299106
0.0294363
0.0294403
0.0300948
0.0308863
0.0319996
0.0350356
0.0376577
0.0413098
0.0476319
0.0556053
0.0637635
0.0705135
0.0780015
0.0889204
0.102141
0.114116
0.124216
0.132405
0.138623
0.144651
0.149143
0.152675
0.157292
0.160212
0.16483
0.168554
0.170423
0.172122
0.174485
0.177777
0.180391
0.18377
0.188534
0.19425
0.196096
0.196012
0.194676
0.189587
0.1837
0.181686
0.174575
0.165052
0.154382
0.143507
0.134909
0.125215
0.11769
0.110205
0.100496
0.0978252
0.0981555
0.0975834
0.096304
0.0944176
0.0958799
0.100904
0.106098
0.110103
0.113161
0.116808
0.118971
0.12195
0.127407
0.132794
0.134661
0.136117
0.139451
0.143423
0.146804
0.151071
0.155844
0.161016
0.164545
0.165981
0.167601
0.167006
0.16458
0.164015
0.163434
0.16175
0.161266
0.161288
0.159759
0.160096
0.163301
0.166795
0.16804
0.167771
0.166646
0.165391
0.164999
0.165176
0.164006
0.153824
0.150023
0.150029
0.150384
0.148863
0.145616
0.140188
0.134206
0.132754
0.13166
0.127885
0.125517
0.125081
0.123755
0.117441
0.108285
0.0997596
0.0923502
0.0876212
0.0832375
0.0776193
0.0699799
0.0637409
0.0583848
0.0527414
0.0484043
0.0506648
0.0483663
0.0451992
0.0426474
0.0396749
0.0370183
0.035595
0.0353888
0.0356432
0.0360029
0.0358329
0.0297627
0.0299106
0.0294363
0.0294403
0.0300948
0.0308863
0.0319996
0.0350356
0.0376577
0.0413098
0.0476319
0.0556053
0.0637635
0.0705135
0.0780015
0.0889204
0.102141
0.114116
0.124216
0.132405
0.138623
0.144651
0.149143
0.152675
0.157292
0.160212
0.16483
0.168554
0.170423
0.172122
0.174485
0.177777
0.180391
0.18377
0.188534
0.19425
0.196096
0.196012
0.194676
0.189587
0.1837
0.181686
0.174575
0.165052
0.154382
0.143507
0.134909
0.125215
0.11769
0.110205
0.100496
0.0978252
0.0981555
0.0975834
0.096304
0.0944176
0.0958799
0.100904
0.106098
0.110103
0.113161
0.116808
0.118971
0.12195
0.127407
0.132794
0.134661
0.136117
0.139451
0.143423
0.146804
0.151071
0.155844
0.161016
0.164545
0.165981
0.167601
0.167006
0.16458
0.164015
0.163434
0.16175
0.161266
0.161288
0.159759
0.160096
0.163301
0.166795
0.16804
0.167771
0.166646
0.165391
0.164999
0.165176
0.164006
0.153824
0.150023
0.150029
0.150384
0.148863
0.145616
0.140188
0.134206
0.132754
0.13166
0.127885
0.125517
0.125081
0.123755
0.117441
0.108285
0.0997596
0.0923502
0.0876212
0.0832375
0.0776193
0.0699799
0.0637409
0.0583848
0.0527414
0.0484043
0.0506648
0.0483663
0.0451992
0.0426474
0.0396749
0.0370183
0.035595
0.0353888
0.0356432
0.0360029
0.0358329
0.0297627
0.0299106
0.0294363
0.0294403
0.0300948
0.0308863
0.0319996
0.0350356
0.0376577
0.0413098
0.0476319
0.0556053
0.0637635
0.0705135
0.0780015
0.0889204
0.102141
0.114116
0.124216
0.132405
0.138623
0.144651
0.149143
0.152675
0.157292
0.160212
0.16483
0.168554
0.170423
0.172122
0.174485
0.177777
0.180391
0.18377
0.188534
0.19425
0.196096
0.196012
0.194676
0.189587
0.1837
0.181686
0.174575
0.165052
0.154382
0.143507
0.134909
0.125215
0.11769
0.110205
0.100496
0.0978252
0.0981555
0.0975834
0.096304
0.0944176
0.0958799
0.100904
0.106098
0.110103
0.113161
0.116808
0.118971
0.12195
0.127407
0.132794
0.134661
0.136117
0.139451
0.143423
0.146804
0.151071
0.155844
0.161016
0.164545
0.165981
0.167601
0.167006
0.16458
0.164015
0.163434
0.16175
0.161266
0.161288
0.159759
0.160096
0.163301
0.166795
0.16804
0.167771
0.166646
0.165391
0.164999
0.165176
0.164006
0.153824
0.150023
0.150029
0.150384
0.148863
0.145616
0.140188
0.134206
0.132754
0.13166
0.127885
0.125517
0.125081
0.123755
0.117441
0.108285
0.0997596
0.0923502
0.0876212
0.0832375
0.0776193
0.0699799
0.0637409
0.0583848
0.0527414
0.0484043
0.0506648
0.0483663
0.0451992
0.0426474
0.0396749
0.0370183
0.035595
0.0353888
0.0356432
0.0360029
0.0358329
0.0297627
0.0299106
0.0294363
0.0294403
0.0300948
0.0308863
0.0319996
0.0350356
0.0376577
0.0413098
0.0476319
0.0556053
0.0637635
0.0705135
0.0780015
0.0889204
0.102141
0.114116
0.124216
0.132405
0.138623
0.144651
0.149143
0.152675
0.157292
0.160212
0.16483
0.168554
0.170423
0.172122
0.174485
0.177777
0.180391
0.18377
0.188534
0.19425
0.196096
0.196012
0.194676
0.189587
0.1837
0.181686
0.174575
0.165052
0.154382
0.143507
0.134909
0.125215
0.11769
0.110205
0.100496
0.0978252
0.0981555
0.0975834
0.096304
0.0944176
0.0958799
0.100904
0.106098
0.110103
0.113161
0.116808
0.118971
0.12195
0.127407
0.132794
0.134661
0.136117
0.139451
0.143423
0.146804
0.151071
0.155844
0.161016
0.164545
0.165981
0.167601
0.167006
0.16458
0.164015
0.163434
0.16175
0.161266
0.161288
0.159759
0.160096
0.163301
0.166795
0.16804
0.167771
0.166646
0.165391
0.164999
0.165176
0.164006
0.153824
0.150023
0.150029
0.150384
0.148863
0.145616
0.140188
0.134206
0.132754
0.13166
0.127885
0.125517
0.125081
0.123755
0.117441
0.108285
0.0997596
0.0923502
0.0876212
0.0832375
0.0776193
0.0699799
0.0637409
0.0583848
0.0527414
0.0484043
0.0506648
0.0483663
0.0451992
0.0426474
0.0396749
0.0370183
0.035595
0.0353888
0.0356432
0.0360029
0.0358329
