0.00354129
0.0428077
0.122306
0.235051
0.371138
0.518611
0.664515
0.79603
0.901602
0.973632
1
0.995331
0.968504
0.924122
0.863141
0.787951
0.7015
0.607179
0.508684
0.409877
0.314633
0.226686
0.149484
0.0860524
0.0388803
0.00999277
2.24421e-005
0.0217846
0.0859731
0.186368
0.314343
0.458653
0.60662
0.745244
0.862346
0.947639
0.992262
1
0.98029
0.943109
0.888566
0.818799
0.736545
0.645026
0.547832
0.448774
0.351735
0.260521
0.178705
0.109499
0.0556132
0.0191617
0.000202499
0.00926325
0.0555784
0.142254
0.260358
0.399511
0.54749
0.691294
0.818288
0.917316
0.979871
1
0.989141
0.959563
0.911774
0.84784
0.770266
0.682095
0.586783
0.488067
0.389818
0.295886
0.209957
0.135398
0.075132
0.0315229
0.00545168
0.00183342
0.0298985
0.103606
0.210546
0.343035
0.489436
0.636884
0.772426
0.884155
0.962254
0.99846
1
0.976446
0.935564
0.877658
0.805
0.720437
0.627285
0.529195
0.430016
0.333633
0.243826
0.164118
0.0976311
0.0469742
0.0158145
-0.000522739
0.0149122
0.0699663
0.163608
0.286786
0.42868
0.576823
0.718199
0.84039
0.932659
0.986071
1
0.982945
0.951102
0.899929
0.833068
0.753141
0.663282
0.567014
0.46811
0.370449
0.277861
0.193974
0.122079
0.0649929
0.0249549
0.00219268
0.00491025
0.0428077
0.122306
0.235051
0.371138
0.518611
0.664515
0.79603
0.901602
0.973632
1
0.995331
0.968504
0.924122
0.863141
0.787951
0.7015
0.607179
0.508684
0.409877
0.314633
0.226686
0.149484
0.0860524
0.0388803
0.00999277
2.24421e-005
0.0217846
0.0859731
0.186368
0.314343
0.458653
0.60662
0.745244
0.862346
0.947639
0.992262
1
0.98029
0.943109
0.888566
0.818799
0.736545
0.645026
0.547832
0.448774
0.351735
0.260521
0.178705
0.109499
0.0556132
0.0191617
0.000202499
0.00926325
0.0555784
0.142254
0.260358
0.399511
0.54749
0.691294
0.818288
0.917316
0.979871
1
0.989141
0.959563
0.911774
0.84784
0.770266
0.682095
0.586783
0.488067
0.389818
0.295886
0.209957
0.135398
0.075132
0.0315229
0.00545168
0.00183342
0.0298985
0.103606
0.210546
0.343035
0.489436
0.636884
0.772426
0.884155
0.962254
0.99846
1
0.976446
0.935564
0.877658
0.805
0.720437
0.627285
0.529195
0.430016
0.333633
0.243826
0.164118
0.0976311
0.0469742
0.0158145
-0.000522739
0.0149122
0.0699663
0.163608
0.286786
0.42868
0.576823
0.718199
0.84039
0.932659
0.986071
1
0.982945
0.951102
0.899929
0.833068
0.753141
0.663282
0.567014
0.46811
0.370449
0.277861
0.193974
0.122079
0.0649929
0.0249549
0.00219268
0.00491025
0.0428077
0.122306
0.235051
0.371138
0.518611
0.664515
0.79603
0.901602
0.973632
1
0.995331
0.968504
0.924122
0.863141
0.787951
0.7015
0.607179
0.508684
0.409877
0.314633
0.226686
0.149484
0.0860524
0.0388803
0.00999277
2.24421e-005
0.0217846
0.0859731
0.186368
0.314343
0.458653
0.60662
0.745244
0.862346
0.947639
0.992262
1
0.98029
0.943109
0.888566
0.818799
0.736545
0.645026
0.547832
0.448774
0.351735
0.260521
0.178705
0.109499
0.0556132
0.0191617
0.000202499
0.00926325
0.0555784
0.142254
0.260358
0.399511
0.54749
0.691294
0.818288
0.917316
0.979871
1
0.989141
0.959563
0.911774
0.84784
0.770266
0.682095
0.586783
0.488067
0.389818
0.295886
0.209957
0.135398
0.075132
0.0315229
0.00545168
0.00183342
0.0298985
0.103606
0.210546
0.343035
0.489436
0.636884
0.772426
0.884155
0.962254
0.99846
1
0.976446
0.935564
0.877658
0.805
0.720437
0.627285
0.529195
0.430016
0.333633
0.243826
0.164118
0.0976311
0.0469742
0.0158145
-0.000522739
0.0149122
0.0699663
0.163608
0.286786
0.42868
0.576823
0.718199
0.84039
0.932659
0.986071
1
0.982945
0.951102
0.899929
0.833068
0.753141
0.663282
0.567014
0.46811
0.370449
0.277861
0.193974
0.122079
0.0649929
0.0249549
0.00219268
0.00491025
0.0428077
0.122306
0.235051
0.371138
0.518611
0.664515
0.79603
0.901602
0.973632
1
0.995331
0.968504
0.924122
0.863141
0.787951
0.7015
0.607179
0.508684
0.409877
0.314633
0.226686
0.149484
0.0860524
0.0388803
0.00999277
2.24421e-005
0.0217846
0.0859731
0.186368
0.314343
0.458653
0.60662
0.745244
0.862346
0.947639
0.992262
1
0.98029
0.943109
0.888566
0.818799
0.736545
0.645026
0.547832
0.448774
0.351735
0.260521
0.178705
0.109499
0.0556132
0.0191617
0.000202499
0.00926325
0.0555784
0.142254
0.260358
0.399511
0.54749
0.691294
0.818288
0.917316
0.979871
1
0.989141
0.959563
0.911774
0.84784
0.770266
0.682095
0.586783
0.488067
0.389818
0.295886
0.209957
0.135398
0.075132
0.0315229
0.00545168
0.00183342
0.0298985
0.103606
0.210546
0.343035
0.489436
0.636884
0.772426
0.884155
0.962254
0.99846
1
0.976446
0.935564
0.877658
0.805
0.720437
0.627285
0.529195
0.430016
0.333633
0.243826
0.164118
0.0976311
0.0469742
0.0158145
-0.000522739
0.0149122
0.0699663
0.163608
0.286786
0.42868
0.576823
0.718199
0.84039
0.932659
0.986071
1
0.982945
0.951102
0.899929
0.833068
0.753141
0.663282
0.567014
0.46811
0.370449
0.277861
0.193974
0.122079
0.0649929
0.0249549
0.00219268
0.00491025
0.0428077
0.122306
0.235051
0.371138
0.518611
0.664515
0.79603
0.901602
0.973632
1
0.995331
0.968504
0.924122
0.863141
0.787951
0.7015
0.607179
0.508684
0.409877
0.314633
0.226686
0.149484
0.0860524
0.0388803
0.00999277
2.24421e-005
0.0217846
0.0859731
0.186368
0.314343
0.458653
0.60662
0.745244
0.862346
0.947639
0.992262
1
0.98029
0.943109
0.888566
0.818799
0.736545
0.645026
0.547832
0.448774
0.351735
0.260521
0.178705
0.109499
0.0556132
0.0191617
0.000202499
0.00926325
0.0555784
0.142254
0.260358
0.399511
0.54749
0.691294
0.818288
0.917316
0.979871
1
0.989141
0.959563
0.911774
0.84784
0.770266
0.682095
0.586783
0.488067
0.389818
0.295886
0.209957
0.135398
0.075132
0.0315229
0.00545168
0.00183342
0.0298985
0.103606
0.210546
0.343035
0.489436
0.636884
0.772426
0.884155
0.962254
0.99846
1
0.976446
0.935564
0.877658
0.805
0.720437
0.627285
0.529195
