0.917391
0.968902
1
0.990406
0.939169
0.846413
0.764101
0.664142
0.554668
0.502597
0.527508
0.516539
0.518921
0.533376
0.493662
0.440011
0.404973
0.359692
0.269271
0.200363
0.177309
0.142341
0.146337
0.138767
0.112324
0.0987891
0.10492
0.120464
0.125963
0.151338
0.256747
0.406646
0.537096
0.563865
0.547088
0.605814
0.682741
0.746638
0.749614
0.850983
1
0.928858
0.736211
0.708402
0.61767
0.540924
0.579847
0.494626
0.346311
0.293859
0.230794
0.19195
0.139341
0.139187
0.211734
0.329316
0.394396
0.499402
0.611868
0.673599
0.80676
0.955689
1
0.941616
0.842584
0.79539
0.751924
0.760817
0.72046
0.644718
0.533686
0.467938
0.35399
0.313776
0.343853
0.30885
0.199015
0.0868058
0.0688221
0.0545056
0.0706152
0.102604
0.160849
0.306731
0.509391
0.735548
0.926385
1
0.972864
0.884024
0.807235
0.725471
0.644177
0.561033
0.51553
0.495415
0.43676
0.368221
0.280045
0.242887
0.215982
0.179969
0.142963
0.0989298
0.0676304
0.0482429
0.0972037
0.187039
0.372789
0.657485
0.825509
0.957515
1
0.914491
0.858597
0.829699
0.719151
0.571109
0.497196
0.461421
0.440902
0.40502
0.345931
0.298232
0.287489
0.237855
0.162437
0.143851
0.115597
0.064137
0.0421134
0.0287255
0.082375
0.153956
0.140324
0.113857
0.230535
0.418468
0.592121
0.7639
0.878444
0.923252
0.86472
0.878165
0.924699
0.940352
1
0.952156
0.778477
0.659333
0.514039
0.377424
0.202975
0.142828
0.14663
1
0.556347
0.122352
0.0372136
0.213591
0.0566137
0.0911181
0.138367
0.235708
0.315458
0.29617
0.355043
0.583641
0.844287
1
0.982171
0.92478
0.856952
0.730334
0.6394
0.516182
0.491188
0.497668
0.399432
0.282293
0.150356
0.107828
0.129412
0.606883
0.0173522
0.242598
0.0899852
0.141333
0.124126
0.206798
0.248994
0.336243
0.45323
0.613433
0.699018
0.737598
0.864128
0.916981
0.922691
0.932585
0.989404
0.993057
1
0.92359
0.826584
0.656762
0.546989
0.390483
0.215754
0.158146
0.110024
0.0540906
0.0867422
0.140665
0.265827
0.441037
0.642324
0.747946
0.92253
1
0.973532
0.879689
0.792773
0.705002
0.586341
0.600315
0.571169
0.564012
0.455296
0.35843
0.322718
0.255236
0.222706
0.166225
0.158733
0.129458
0.0915188
0.0667985
0.101546
0.137759
0.234719
0.315301
0.378152
0.47828
0.502454
0.74399
0.94108
0.978228
1
0.883182
0.71768
0.643139
0.586224
0.571916
0.533079
0.507817
0.443967
0.392709
0.32581
0.24649
0.180098
0.132536
0.0635068
0.0310631
0.0418472
0.0660186
0.147722
0.278677
0.411329
0.569404
0.762369
0.928301
0.980293
1
0.974695
0.918369
0.813186
0.709305
0.660674
0.603826
0.507317
0.459869
0.455978
0.490686
0.444163
0.369219
0.295929
0.221947
0.158287
0.0681972
0.047303
0.100842
0.195158
0.330831
0.472306
0.549085
0.784785
0.982807
1
0.858907
0.756337
0.718643
0.735684
0.626468
0.476004
0.37652
0.339595
0.255204
0.152083
0.116818
0.0839567
0.0846129
0.0935663
0.0893017
0.0557931
0.0305148
0.0170155
0.048998
0.12774
0.248821
0.433487
0.580494
0.694402
0.800522
0.788404
0.809964
0.777019
0.856129
1
0.939935
0.751323
0.768877
0.673631
0.51065
0.351487
0.202065
0.16425
0.175716
0.11358
0.0818007
0.0741196
0.0858303
0.0737975
0.0679155
0.11384
0.281374
0.466521
0.66809
0.815333
0.881734
0.955996
1
0.980889
0.88288
0.79556
0.732338
0.638096
0.533384
0.451811
0.366105
0.298825
0.301391
0.315989
0.24337
0.170217
0.12925
0.122439
0.0986712
0.0573507
0.0317007
0.0467678
0.0680433
0.135808
0.270871
0.458683
0.630432
0.762767
0.855969
0.990304
0.989254
0.925774
0.962584
1
0.808326
0.820254
0.846697
0.671277
0.619238
0.477553
0.258158
0.188626
0.0903702
0.0515421
0.0546899
0.0489702
0.0244195
0.0230508
0.051477
0.0981028
0.211628
0.40389
0.489566
0.564985
0.537515
0.614775
0.817454
1
0.986816
0.85167
0.753531
0.757092
0.64604
0.586378
0.409137
0.357877
0.301966
0.284184
0.242228
0.197328
0.143065
0.0706142
0.0607358
0.0765383
0.10213
0.188446
0.255265
0.35326
0.584182
0.776463
0.849018
0.871451
0.935245
0.911448
0.895788
1
0.975545
0.854059
0.812897
0.786875
0.621069
0.408429
0.359999
0.285299
0.201666
0.17189
0.150516
0.114957
0.0787755
0.053296
0.0580053
0.0850327
0.133409
0.254927
0.426828
0.545311
0.714333
0.878915
1
0.936665
0.931575
0.930188
0.879156
0.828978
0.729985
0.625696
0.573531
0.50501
0.447219
0.405481
0.359448
0.26275
0.18113
0.16298
0.114479
0.0693064
0.0701906
0.116256
0.193078
0.283829
0.437551
0.6194
0.783887
0.949101
1
0.935682
0.911062
0.935872
0.898329
0.886985
0.79361
0.712814
0.535478
0.47274
0.462862
0.41741
0.28082
0.210094
0.180731
0.130803
0.0787128
0.0455553
0.021988
0.0431769
0.0899579
0.205122
0.397479
0.615144
0.763111
0.859975
0.950241
1
0.978535
0.910005
0.8895
0.802488
0.689175
0.602931
0.508618
0.401238
0.288575
0.256429
0.201616
0.178702
0.149836
0.144882
0.132531
0.0848605
0.0533605
0.102231
0.139195
0.20338
0.350217
0.599276
0.748335
0.873613
0.943533
0.9814
1
0.975004
0.957981
0.972116
0.872206
0.683584
0.598314
0.652026
0.625627
0.493732
0.365289
0.294976
0.316073
0.284796
0.195667
0.141732
0.129066
0.0838903
0.0902189
0.140178
0.232066
0.383706
0.54666
0.691581
0.842541
0.961608
1
0.973273
0.922992
0.881597
0.870156
0.855861
0.764422
0.652544
0.557799
0.438008
0.39886
0.317535
0.247932
0.123596
0.0929551
0.0862164
0.0642658
0.0610771
0.0783814
0.121043
0.187775
0.302184
0.475775
0.727072
0.901566
1
0.987383
0.939161
0.908401
0.952325
0.959116
0.933543
0.745639
0.611201
0.498683
0.426436
0.334289
0.247644
0.223317
0.185669
0.153478
0.112261
0.073336
0.0569779
0.0657871
0.0989878
0.20023
0.371162
0.517597
0.669989
0.776315
0.926923
0.964751
0.896833
0.934718
1
0.945084
0.760145
0.602203
0.490965
0.395119
0.325526
0.281854
0.220785
0.155306
0.144207
0.103702
0.056216
0.0333633
0.0220486
9.33371e-005
0
0
0
0
0
0
0
0
0
0
0
0
0
0
0
0
0
0
0
0
0
0
0
0
0
0
