135.9
137.9
140.2
143.43
146.563
148.837
150.254
150.812
150.512
149.354
147.337
144.463
140.73
136.138
130.689
124.381
121.5
116
111.3
106.9
99.2
91.6
86.2
81.6
77
75
77.3
79.2
79.4
78.5
78.6
77.3
75.5
77.3
79.6
79.9
80.3
79.7
76.7
73.4
70.3
68.1
63.6
60.4
61.1
59.7
57
53.4
48.1
43
37.9
33.2
30.4
29
28.5
26.079
24.8595
23.718
22.6547
21.6694
20.7622
19.9331
19.182
18.509
17.9142
17.3973
16.9586
16.598
16.3154
16.1109
15.9845
15.9361
15.9659
16.0737
16.2596
16.5235
16.8656
17.2857
17.7839
18.3602
18.8
17.7
17.7
17.7
17.1
18.2
20.6
23.5
26.7
28.5
29.9
34.6
39.6
42.8
47.4
52.4
55.7
59.5
63.2
67.7
71.2
74
77.6
78
78.7
80.7
79.5
78.7
80.1
80.3
79.6
77.6
76.1
76.6
77.4
80.2
83.5
86
87.8
89
91.3
93.7
96.7
99.4
101.8
103.3
104.2
105.5
104.7
103
103.3
95.5929
102.15
108.119
113.499
118.289
122.491
126.105
129.129
131.564
133.411
134.669
135.338
135.418
134.909
133.812
132.125
129.85
126.986
123.533
119.491
114.86
109.641
103.833
97.4355
90.4495
102.8
100.8
97.2
94.5
92.1
88.8
87.3
85.9
83
81.3
78.6
76.3
75.4
77.6
79.9
80.4
81.3
81.7
79.7
78.2
75.7
71.7
68
63.1
58.1
53.3
49.9
48
45.4
43.1
42.2
41.9
41.1
39.2
37.4
35.7
34
32.1
31.9
31.6
30.9
29.9945
26.6484
23.9462
21.8879
20.4736
19.7033
19.5769
20.0945
21.256
23.0615
25.511
28.6044
32.3418
34.3
38.2
43.4
48.8
54.9
60.7
64.9
69.2
71.9
72.8
76.8
83.2
88.4
92.4
96.4
101
105.8
112.4
117.8
119.1
107.359
118.168
128.182
137.4
145.821
153.447
160.276
166.31
171.547
175.989
179.634
182.484
184.537
185.794
186.255
185.921
184.79
182.863
180.14
176.621
172.306
167.195
161.288
154.585
147.086
141.5
148.2
156.5
156.1
148.4
143.5
142.3
139.1
136.4
140.5
148.1
150.1
150.9
144.8
132.5
128.9
129.4
125.7
121.4
117.9
113
107.6
100.1
97.2
94.5
90.6
88.8
83.4
76.9
72.4
67.3
62.3
59.4
57.4
59.4
62.2
63.3
64.8
65.5
64.8
63.7
61.8
59.4
56.9
53.2
48.1
40.6
33
27.7
22.1
17.1308
15.7505
14.6426
13.8068
13.2433
12.9519
12.9329
13.186
13.7114
14.509
15.5788
16.9209
18.5352
18.4
19.5
21.5
24.1
27.2
30.8
34.7
38
42
49.4
59.3
68.4
79.2
91.8
104.9
117.1
130.479
147.903
164.066
178.968
192.609
204.989
216.108
225.966
234.563
241.898
247.973
252.787
256.339
258.631
259.661
259.431
257.939
255.187
251.173
245.898
239.362
231.565
222.508
212.189
200.609
209.5
206.8
199
192.9
188
182.3
178.2
172.5
166.7
163.7
159.2
152.2
144.9
143.3
143.7
139
134
131.9
132.4
132.2
130
125.6
119.2
116.3
115.1
110.4
104.7
101
98
92.6
85
78.3
74.2
71.5
70
67.3
64.5
62.3
60.6
59.9
58.3
55.3
52.2
51
49
46.2
44.1
41.9
39.4
37
33.8
30.6
28.2
25.7
23.4
20.5
18
17.6967
16.5593
15.7844
15.3719
15.3219
15.6343
16.3091
17.3464
18.7461
20.5082
22.6328
25.1198
27.9692
32.4
36.7
39.2
42.3
47.2
52.6
60.1
69.9
77.2
82.7
90.8
101.1
111.2
121
132.2
144.9
155.7
162.5
168.2
174
179.8
185.7
195.719
201.141
206.101
210.599
214.635
218.209
221.322
223.972
226.161
227.888
229.153
229.956
230.297
230.176
229.594
228.549
227.043
225.074
222.644
219.752
216.399
212.583
208.305
203.566
198.364
199.8
194.2
193.3
196.4
196.1
195.5
194
190.3
186.1
182
176.7
172.3
168.7
166
162
154.1
147.7
141.1
135
132.2
129.7
126.5
124.8
121.9
118.1
115.7
113.1
111.5
109.9
109.1
108.4
107.6
106.7
105.6
103.7
103.1
103.7
103
102.2
100.8
99.9
99.2
98
95.9
93.7
92.3
91.9
90.1
85.5
82.2
80.5
78.9
77.4
75.9
73.9
71
69.5
69.1
67.8
67.9
67.7
65.6
65.9
67.9
66.7
64.8
62.7
60.3
57.9
54.5
50.8
47.9
47.1
46.6
43
37.8
35.5
34.4
33.5
34.6
34.9
33.4
33.7
33
31.6
31.4
29.6
27.6
26.2
24.3
22.1
19.4
16.5
15.9
14.6
13.3
12.8
11.6
11.1
10.8
9.8
8.9
9.5
10.2429
8.86813
7.73596
6.84635
6.1993
5.79481
5.63287
5.71349
6.03666
6.6024
7.41069
8.46154
9.75495
10.8
12.1
13
12.9
12.5
12.6
12.1
11.4
11.6
11.8
11
9.9
9.1
9.8
12
14.6
16.8
18.1
19.2
21.9
25.5
28.3
30.8
34
38.1
40.5
42
44.3
47.1
50.1
53.5
56.1
58.1
60.8
62.8
64.3
65.9
67.8
69.7
71.4
73.4
75.1
75.2
74.9
75.2
75.6
75.1
73.1
72
71.3
70.6
69.5
68
68.6
70.9
71.9
71.4
70.9
72
75.1
76.1
75.3
73.9
73.1793
74.9146
76.4211
77.6988
78.7477
79.5678
80.159
80.5214
80.655
80.5598
80.2358
79.6829
78.9013
77.8908
76.6515
75.1834
73.4864
71.5607
69.4061
67.0227
64.4105
61.5694
58.4996
55.2009
51.6734
52.8
51.2
49.9
47.8
45
41.9
39.1
37.2
35.8
33.7
31.6
29.4
27.1
24.5
21.6
18.4
15.9
14.6
13.4
11.9
11.3
11.7
11.4
10.7
10.8
11
11.3
12.7
14.1
14.9
15.3
14.7
13.2
12
11.1
10.1
8.8
7.7
6.7
5.1
3.65495
2.76593
2.01758
1.40989
0.942857
0.616484
0.430769
0.385714
0.481319
0.717582
1.09451
1.61209
2.27033
2.3
3.1
4.1
4.2
4.3
4.4
4.5
4.2
4.9
6.1
6.2
6.5
7.6
7.5
7.3
7.9
9.2
10.6
11.6
13.6
14.3
14.5
16.9
19.1
20
21.9
23.5
23.9
24.7
25.2
25.5
25.7
25.3
24.4
23.3
22.6
22.8
23
24.2
27
29
29.8
33
37
41.3
46
48.6
54.923
58.4
61.6165
64.5724
67.2677
69.7025
71.8768
73.7904
75.4436
76.8361
77.9681
78.8396
79.4505
79.8008
79.8906
79.7198
79.2885
78.5966
77.6442
76.4311
74.9576
73.2235
71.2288
68.9735
66.4577
68.5
68.3
65.8
58.4
54
56.8
58.8
57
54.6
52.9
52.6
51.7
50.3
50
49.7
48.1
45.6
42.3
39.9
40
39.9
38.7
37.6
38.3
39.6
39
38.5
38.9
38.9
39.6
38.6
36.1
35.3
34.6
32.7
30.2
27.5
26.2
24.8
23.3
22.7
20
17.5
15.6
12.9
11.4
12
12.5
11.6
9.5
7.8
8.3
9.3
9.5
9.8
10.4
10.6
10.1
8.5
6.9
6.6
6.6
6.5
5.61758
3.78571
2.32118
1.22398
0.494106
0.131568
0.136364
0.508492
1.24795
2.35475
3.82887
5.67033
7.87912
8.7
10.3
10.5
10.4
10.5
12
15.2
17
15.6
13.1
12.3
14.2
14.6
14.4
16.4
19.6
23.4
24.8
23.8
23.9
26.2
28.6
29.6
30.8
33.2
35.8
38.4
41.4
43.9
45.1
47.8
52.1
57.2
61.6
64.8
68.3
71.3
74.5
77.5
78.2
78.5
81.6
84.1
85
84.1
83.8
86.3
88
89.5
92.9
98
101.7
104.1
105.8
105.7
106.2
106.9
106.3
104.6
104
106.9
104.116
105.573
106.928
108.18
109.329
110.376
111.32
112.161
112.901
113.537
114.071
114.502
114.831
115.057
115.181
115.202
115.12
114.936
114.649
114.26
113.768
113.174
112.477
111.677
110.775
102.4
100.3
100.7
99.3
95
89.7
83.4
78.6
77.8
75.5
70.9
69.2
69
66.4
61
55.7
51.9
48.1
46
44.5
40.3
34.5
29.8
26.2
22.4
20.1
19.4
19.5
18.7
16.9484
15.556
14.4035
13.4907
12.8177
12.3844
12.1909
12.2372
12.5232
13.049
13.8145
14.8198
16.0648
20.4
22.3
22.9
24.4
29.7
36.2
40.4
45.7
53.1
63.1
74.2
83.9
91.7
100.4
111.8
123
134.1
144.5
155.6
165.9
173.2
172.469
182.695
192.065
200.578
208.235
215.035
220.978
226.065
230.295
233.668
236.185
237.845
238.649
238.596
237.686
235.919
233.296
229.816
225.48
220.287
214.237
207.331
199.568
190.948
181.472
185.3
180.9
175.4
169.2
167.7
164.6
155.7
145.4
136.8
132.4
134.4
142.1
146.2
145.6
143.9
141.1
138.4
136.7
136.3
137.6
138.3
136.2
129.4
120.2
113.6
110.1
108.4
103.8
95.8
89.1
84.7
82.8
83.2
81.6
78.2
74.4
69.9
65.7
62.2
61
60.2
59
57.6
53.7
48.3
44.6
42.4
40.3
39.7
41.8
41.8
39.8
38
35.8
33.7
32.2
31.3
31.1703
28.156
25.539
23.3191
21.4964
20.0709
19.0427
18.4116
18.1777
18.3411
18.9016
19.8593
21.2143
21.4
22.4
23.7
24.3
24.3
26
29.2
33.3
37.9
42.9
47.3
49.9
51.1
53.3
56.2
59.5
64.1
67.7
69.1
71
73.3
75
78.2
81.7
84.4
91.3
97.8
100.3
102.1
104.2
105.4
106.5
106.3
105.7
108.2
110
119.55
130.928
141.606
151.584
160.863
169.442
177.321
184.501
190.982
196.762
201.843
206.225
209.906
212.888
215.171
216.754
217.637
217.821
217.305
216.089
214.174
211.559
208.244
204.23
199.516
196.7
193.6
189.9
186.4
176.8
167.2
162.7
157
150.9
148.5
144.6
141
139.9
139.3
135.7
129.4
126.3
127.4
127.3
126.8
127.9
127.4
126.6
126.1
124.3
122.2
121.2
121.7
121.9
118.3
114.9
115.4
115.5
113.6
112.8
111.8
108
106
106.6
104.8
100.6
96.6
92.9
89.6
86.6
84.5
84.2
85.4
85.9
83.6
79.6
75.9
72.1
68.3
65.1
62.1
59.6
57.3
53.6
48.7
45.1
41.9
39.5
39.3
38.9
38
37
35
32.1
29.6
26.9
24.5
21.7
19.7
17.5
13.6451
11.8165
10.2444
8.92867
7.86943
7.06663
6.52028
6.23037
6.1969
6.41988
6.8993
7.63516
8.62747
9.3
10.5
11.1
11.8
14.5
17.6
19.8
22.1
26
31.8
36.6
40.8
45.2
49.4
55.7
62
65.1
68.4
73.4
79.1
85.2
92.2
97.8
101.8
107.6
115.3
122.1
128.5
136.1
143.4
149.8
160.475
163.999
167.234
170.18
172.837
175.204
177.281
179.07
180.569
181.778
182.699
183.329
183.671
183.723
183.486
182.96
182.144
181.039
179.644
177.96
175.987
173.725
171.173
168.332
165.201
160.6
157.9
152.6
147.8
146.7
145.7
140.1
132
129.1
129.4
128.7
126.7
124.1
121
118.8
115.4
111.1
109.3
110.5
111.3
109.4
105.1
98.5
94.1
89.4
85.7
84.5
83.5
84.3
84.3
83.5
83.1
81.7
82
85.1
87.4
88.5
88.5
89.6
90.2
88.5
87.1
84.4
81.8
80.8
78.4
74.3
70.7
68.8
66.9
63
59.1
56.5
55.1
53.8
51.7
49.1
46
43.3
39.9
36.8
35.4
34
31.9
28.5
23
19.4484
16.5626
14.2002
12.361
11.0452
10.2525
9.98322
10.2372
11.0144
12.3149
14.1387
16.4857
19.356
22.4
26.2
29.8
33.5
37.1
41.6
47.3
53.9
60
65.8
72.1
77
79.1
84.8
95.5
103
108.2
113.7
115.9
117
120.9
124.6
127.589
142.111
155.527
167.838
179.044
189.145
198.141
206.032
212.818
218.498
223.073
226.544
228.909
230.169
230.324
229.374
227.319
224.158
219.893
214.522
208.046
200.465
191.779
181.988
171.092
179.7
171.8
164.9
163.6
165
164
165.2
168.5
169.9
169.9
170
169.6
169.3
168.2
162.3
153.6
146.4
142
135.6
127.1
119.3
112.9
108.7
103.9
97.4
90.7
87.4
86.7
86.3
85.9
84.1
81.9
79.2
75.9
71.3
65.2
61.3
60.2
57.7
54.4
49.6
42.5
37.5
34.2
31.9
29.8
28.4
27.9
27.3
25.2
22.9
20.9
19.5
19.3
19.4
20.1
19.6
19
19.5
19.8
18.1
17.7
19.8
21.8
22
21.2
21.5
21.4
21.2
21.1
19.2
17.6
17.2
15.8
13.6
12
11
10.2
8.9
7.8
6.7
6.2022
5.31648
4.64496
4.18761
3.94446
3.91548
4.1007
4.5001
5.11369
5.94146
6.98342
8.23956
9.70989
11.6
15.1
18.3
20.5
22.9
26.4
29.4
33
39.8
46.1
49.4
52.2
54.6
57.3
61.3
65.8
69.4
72.6
78.3
82.8
82.6
83.2
86.4
89.3
91.1
92.8
95.1
99.2
103.7
104.1
100.8
97.4
96.5
96.4
98.1
99.8
100.5
100
96.7
94.1
90.9
85.983
91.2891
96.1272
100.497
104.399
107.833
110.8
113.298
115.328
116.89
117.984
118.61
118.768
118.458
117.68
116.434
114.72
112.538
109.888
106.771
103.185
99.1307
94.6088
89.6188
84.1609
95.1
95.7
93.7
91.6
90.5
88.4
85.7
81.6
79
78.7
75
68.2
61.7
56.9
53.3
50
45.7
43
41
38.8
34.2
28
24.7
23.1
21.9
21.7
21
19.9
20.2
21.2
21.9
21.7
21.5
21.6
20.6
19.1
17.1
14.4
13.2
13
12.9
12.2
10.4
9.7
9.7
9.5
9.2
8.8
9.2
10.9
12
11.8
11.1
10.4
10.7
10.5
10.2978
9.55165
9.02727
8.72468
8.64386
8.78482
9.14755
9.73207
10.5384
11.5664
12.8163
14.2879
15.9813
17.9
21.7
27.5
34.1
39
43.3
48.7
53.7
57.7
63.2
70.8
77.3
83.5
89.5
94.2
97.4
103.3
108.7
110.6
113.6
118.4
122
122.2
123.1
125.5
127.2
128.5
131.248
133.704
135.88
137.774
139.387
140.719
141.77
142.54
143.029
143.237
143.163
142.809
142.173
141.256
140.058
138.579
136.819
134.778
132.456
129.852
126.967
123.802
120.355
116.627
112.618
108.7
108
106.9
105.8
105.9
104.2
101.2
99.9
96.9
91.9
87.5
85.8
82.7
80.1
77.6
74.2
71.7
70.5
69.4
65.8
63.4
62
58.8
55
53.4
52.1
50.2
47.1
44.4
43.1
42.8
44
43.5
42.7
43.9
43.3
42.7
42.4
42.9
45.8
46
43.8
41.2
37.9
36.4
35.2
33.8
34
32.3
28.5
25.2
22.1
20.3
19.5
19.1
18.8
18.2
18.9
18.8
17.9
17.6
17.7
17.7
17.5
16.5
15.2
13.7
12.7
11.3
9.8
9
8.1
7.3
6.5
5.4
4.7
4.6
5.74505
5.34835
5.07073
4.91219
4.87273
4.95235
5.15105
5.46883
5.90569
6.46164
7.13666
7.93077
8.84396
10
11.3
13.1
15.8
17.6
20.5
24.2
26.3
28.1
32.1
37.6
42.3
44.4
46.6
49.4
52.3
55.8
59.1
62.7
66.1
68.5
69.1
69.3
71.5
77.4
83
84.1
84.4
85.5
87.6
93.6443
94.9826
96.2066
97.3164
98.312
99.1934
99.9606
100.614
101.152
101.577
101.887
102.083
102.165
102.133
101.987
101.726
101.351
100.862
100.259
99.5412
98.7095
97.7636
96.7035
95.5292
94.2406
94
99.4
104.2
104.6
100.8
93.1
85.7
83.8
84
84.4
84.3
86.1
88.7
86.6
83.1
81.5
82.2
84.3
87.8
88.6
86.5
84.4
82.4
77.4
69.4
67.9
70.4
72.1
71
67.9
63.7
58.9
56.3
54.6
52.4
50.1
48.4
46.2
41.2
34.4
29.4
26.2
23.7
23.3
23
21.4
20
18.7
16.6
12.6
10.1
9.8
9.3
8.5
7.7
6.6
5.5
5.3
5.4
5.1
5.2
5.7
5.6
5.7
6.1
6.5
6.4
5.8
5.2
4.7
4.89451
3.96923
3.25495
2.75165
2.45934
2.37802
2.50769
2.84835
3.4
4.16264
5.13626
6.32088
7.71648
8.5
9.8
10.9
12.4
14.8
17.5
21.6
26.8
31
34.6
40.5
49.1
58
64.8
70.5
75.5
78.1
80.5
83
85.8
89.9
94.9
97.7
96.4
92.7
90
89.5
91
93.9
97.2
86.3028
97.7734
108.377
118.115
126.985
134.989
142.126
148.397
153.801
158.338
162.008
164.812
166.75
167.82
168.024
167.361
165.832
163.435
160.172
156.043
151.047
145.184
138.454
130.858
122.395
129.2
126.9
125.7
130
130.6
125.4
121.4
117.4
112.3
107.7
106.2
104.6
103.1
100.8
94.4
85.6
78
71.9
67.2
65.7
64.4
63.1
61.3
58.2
53.4
51.6
52.1
51
51.6
52.9
51.8
48.3
45.5
44.2
42.2
40.7
42.5
42.9
40.5
37.6
33.5
30.2
28.2
26.4
24.9
24
23.2
21
15.7
11.8
11.1
11
11.4319
10.6714
10.0984
9.71279
9.51459
9.5038
9.68042
10.0445
10.5959
11.3348
12.261
13.3747
14.6758
19.3
21.5
23.3
25.1
26.9
28.2
29.8
32.2
34.7
37.7
40.8
43.2
45.2
48.9
54.4
59.9
68.2
78.5
86.3
92.6
96.2
98.2
101.4
104.2
106.8
108.5
108.7
109
107.8
107.2
109.4
111.6
115.9
120.7
120.8
120
119.6
119.6
109.807
112.494
114.919
117.081
118.981
120.619
121.995
123.109
123.961
124.55
124.877
124.942
124.745
124.285
123.564
122.58
121.334
119.826
118.056
116.023
113.728
111.172
108.352
105.271
101.928
99.2
104.7
107.9
106.7
104.7
102.7
100.2
95.7
89.3
83.2
80.2
78.6
74.1
65.2
56
52
51.2
50.4
49
47.2
46
44.9
43.1
40.5
37.7
35.9
35.2
32.8
29.2
26.5
24.6
24.7
24.6
23.6
22.1
21
20.2
19
18.6
19.4
20.1
19.5
17.9
15.7
14
13.1
13.8648
12.0176
10.4715
9.22667
8.28302
7.64056
7.2993
7.25924
7.52038
8.08272
8.94625
10.111
11.5769
11.1
11.9
13.5
15.6
17.5
19.7
21.1
21.7
24.9
29.3
32.6
36.7
42.7
49.8
56.9
63.1
69.9
77.4
85.5
91.8
95.3
98.3
103.5
109.8
110.841
120.73
129.978
138.586
146.554
153.881
160.568
166.615
172.021
176.787
180.913
184.399
187.244
189.449
191.013
191.938
192.222
191.865
190.869
189.232
186.955
184.037
180.479
176.281
171.443
178.7
182.3
181.4
177.2
172.8
171.8
171.8
171.4
166.9
161.5
162.4
163.3
158.8
151.5
145.9
142.6
142.6
140.6
132.7
127.1
123.8
121.7
118.5
113
110
111.1
112.6
111.3
107.7
103.2
99.5
96.1
94.4
91.2
88
87.3
85.3
81.6
78.5
78.3
79.4
81.9
83.6
79.9
73.1
67
60.8
55.5
53.1
51.8
49.4
46.2
42.6
38.4
35.2
34.2
33.6
33.2
32.7
31.4
29.2
27.5
26.6
23.5813
20.6538
18.1938
16.2012
14.676
13.6183
13.028
12.9051
13.2497
14.0616
15.3411
17.0879
19.3022
20.4
23.4
27.5
31.7
36.4
39.7
41.7
46.8
52.8
55.2
57.1
64.3
73.2
80.1
86.9
93.2
101
111.7
121.5
128
136.249
146.255
155.575
164.211
172.16
179.425
186.004
191.898
197.106
201.629
205.467
208.619
211.087
212.868
213.965
214.376
214.102
213.142
211.497
209.167
206.152
202.451
198.065
192.993
187.236
191.6
193.5
199.8
209.1
210.3
203.8
197.1
193.4
190.4
188.5
188.4
190.9
192.5
190.3
184.1
176.1
171.4
169.4
167.1
162.8
158.5
150.7
141
131.6
122.6
116.4
111.9
106.7
102.3
101.2
102.4
101.6
98.5
98.9
100.2
99.5
98.9
97.3
94
89.8
84
75.3
66.5
61.5
59.8
56.2
51.4
48
45.5
44
42.1
40.3
39.5
38.8
37.3
34.6
31
28.6
27.2
25
22
18.5
16.7
16.6
15.3846
12.756
10.5674
8.81878
7.51009
6.64136
6.21259
6.22378
6.67493
7.56603
8.8971
10.6681
12.8791
13.8
17.4
20.5
23.7
28
33.5
41.2
50
57
66
78.8
91.3
103.5
114.8
125.8
139.4
154.7
168.1
180.4
193.9
206.1
211.8
214.5
220.6
226
232.7
241.1
243.8
255.378
259.673
263.535
266.965
269.962
272.526
274.658
276.357
277.623
278.457
278.858
278.826
278.362
277.465
276.135
274.372
272.177
269.549
266.489
262.996
259.07
254.711
249.92
244.696
239.039
239.7
233.9
228.5
220.6
214.2
207.1
199.7
194.2
187.6
182.5
177
172.1
169.4
165.7
161.3
153.8
145
138.6
132.1
124.5
118.5
113.6
105.9
97.5
91.1
85.1
79.1
75.3
74.4
74.3
73
71.7
69.1
64.2
59.4
56.7
56.1
55.9
54.6
52.5
49.8
46.7
44
42.9
42.6
42.1
42.6
42.6
41.6
41.1
40.4
39.7
39
38.6
37.4
34.2
30.7
28.1
25.7
22.3
17.644
16.5912
15.769
15.1774
14.8164
14.6859
14.786
15.1167
15.6779
16.4697
17.4921
18.7451
20.2286
21.2
21.8
22.6
23.8
25.2
28.4
32.1
35.2
39.7
44.8
49.2
53.3
57.9
63.4
71.4
80.3
89.5
95.8
99.4
103
106.2
111.6
116.5
119.8
123.9
129.4
133.3
135
134.9
134.5
140.487
142.423
144.211
145.85
147.341
148.683
149.876
150.921
151.818
152.566
153.165
153.616
153.918
154.072
154.077
153.934
153.642
153.201
152.612
151.875
150.989
149.954
148.771
147.439
145.959
148.5
149.5
150.1
150.3
150.3
149.8
149.1
147
143
137.6
132.9
126.5
119
113.8
110.1
105.3
100.4
96.5
94.5
92.7
91.5
93.2
93.8
94.7
98.3
100.3
100.9
102.6
104
103.3
99.9
96.6
92.9
88.2
85.9
83.3
78.2
72.3
66.1
62.8
60.8
57.9
55.6
53.4
51.4
49
46.6
45.4
45
46.8
49.1
48.5
48.3
49.4
49.3
48.6
47.3
45.8
43.2
39.3
36.1
33
31.8
30.6
26.8
24.2
23.2
21.8
20.7
23.4011
22.4341
21.5898
20.8683
20.2696
19.7937
19.4406
19.2102
19.1026
19.1178
19.2557
19.5165
19.9
19.7
19.7
21.6
24.3
26.3
28.8
31.9
34.7
37.7
41.4
47.6
55.8
64.8
73.7
80.7
86.9
91.5
98.7
109
117.8
126.6
138
147.3
153.6
157.3
160.4
170.505
178.729
186.335
193.324
199.696
205.451
210.589
215.11
219.014
222.3
224.97
227.022
228.457
229.275
229.476
229.06
228.027
226.376
224.109
221.224
217.722
213.603
208.867
203.514
197.544
199.6
202.2
205.4
205.7
204.1
200.9
198.5
199.9
202.7
201.4
196
194.1
192.7
186.6
180
173.4
167.5
164
161.5
153.5
141.4
133.3
131.3
130.5
127.9
123.9
117.1
110.5
104.5
95.9
89.1
88.9
91.7
92
89.7
85.5
80.5
75.8
71.2
66.8
63.5
61.7
58.3
52.2
44.3
37.2
31.6
27.4
25.2
23.5
21.7
21.3
21.4
20.8
19.9
19.6
19.8
19.7
19.1
17.3
15.2
14.3
15.9879
15.0297
14.3777
14.0321
13.9927
14.2596
14.8329
15.7124
16.8982
18.3903
20.1887
22.2934
24.7044
28
30.3
32.7
36.2
40.5
45.3
51
55.1
60.9
69.2
76.9
84.9
93
101.4
114.3
128.5
141.1
151.2
156.9
177.154
182.027
186.496
190.56
194.219
197.474
200.325
202.771
204.813
206.45
207.683
208.511
208.935
208.955
208.57
207.781
206.587
204.989
202.986
200.579
197.768
194.552
190.931
186.906
182.477
197.8
202.8
204.4
203.9
203.8
202.9
202.8
203.5
203.3
200.9
196.7
191.4
183.1
172.6
161.1
151.8
146
142.1
137.1
128.5
119.3
113
109
106.3
104.5
101.9
99.3
95.4
90.2
84.2
78.6
76.5
73.6
68.3
63.2
58.4
55.1
52.6
50.2
49.4
49.6
48.7
46.4
42.7
40.1
39.7
39.4
38.7
37.6
35.6
33.7
32
29.4
27.3
25.9
24.4
22
19
17
16.4615
15.3011
14.2942
13.4409
12.7411
12.1948
11.8021
11.5629
11.4773
11.5453
11.7667
12.1418
12.6703
14.3
14.5
15.2
18.3
22
24.4
27.2
30.4
33.6
38.2
43.1
47.1
52
58.4
65.4
72
76.9
80.8
85.4
89.8
93.5
96.4
98.2
102.3
110.4
118.4
122.5
122.3
125
132.6
136.3
138.1
142.9
150.5
159.3
164.1
164
166.1
170.6
174.3
175.2
172.9
172.7
174.2
172.8
168.8
165.3
148.796
153.576
157.914
161.812
165.269
168.284
170.859
172.993
174.685
175.937
176.748
177.117
177.046
176.534
175.58
174.186
172.351
170.074
167.357
164.199
160.599
156.559
152.077
147.155
141.792
131.4
129.6
125.7
118.7
111.9
107
101.7
96
92.9
91.8
89.1
86.9
84.1
80.1
76.4
73.2
71
69.5
67.1
64.8
63
60.2
57.9
56.6
55.7
54.5
53.2
52.3
49.3
45
44.5
44.6
41.9
39.4
38.9
38.4
36
33
29.7
27.4
27
27.4
26.2
25
25.9
26
23.7
21.1
20.2
19.8
19
17.7
16.4
14.4
12.8
11.6
9.9
9.6
9.9
9.2
7.9
6.6
5.6
5.1
5.1
5.4
4.79231
4.0967
3.51878
3.05854
2.71598
2.49111
2.38392
2.39441
2.52258
2.76843
3.13197
3.61319
4.21209
5.5
7.4
9.5
10.9
11.7
12.7
14
16.1
18.5
20.8
23.1
24.6
25.2
26.4
29.5
34.5
39.1
42.5
45.7
48.8
53.8
61.1
69.3
77.2
83.6
86.3
86.6
87.4
89.4
92.5
95.5
98.1
98.3
95.1
90.9
86.6
84.5
85.1
85.3
85.8
87.7
88.1
86.8
86.1
84.4
82.458
87.509
92.0939
96.2128
99.8657
103.053
105.774
108.028
109.817
111.14
111.997
112.388
112.312
111.771
110.764
109.291
107.351
104.946
102.075
98.7374
94.9341
90.6647
85.9293
80.7279
75.0605
76.1
72.1
68.3
66.4
65.9
64.3
61.2
57.8
54.4
52.5
50.4
47.8
44.8
41.5
38.5
36
33.2
31.5
29.9
28.5
27.8
26.5
25.7
24.8
23.3
22.2
21
19.6
18.3
16.7
15.4
15.1
14.2
12.6
9.9
7.8
7.5
7.2
7
6.7
6.5
6.8
6.7
6
5.4
5
4.6
4.3
3.9
3.7
3.5
3.4
3.1
2.6
2
1.8
2.2
2.7
3
3.6
5.6
7.9
9
9.5
10.5
11.9
13.6
15.3
17.3