0.0552689
0.0577815
0.0615405
0.0671788
0.0740076
0.081257
0.0900166
0.100517
0.112238
0.124184
0.137015
0.151497
0.168368
0.18658
0.206323
0.22755
0.248624
0.27234
0.301315
0.331642
0.359906
0.389135
0.419891
0.450742
0.484505
0.515965
0.545432
0.576263
0.606751
0.632825
0.655276
0.677975
0.699918
0.721075
0.743387
0.763997
0.780107
0.793005
0.806404
0.82336
0.839628
0.851842
0.865578
0.877558
0.887942
0.893382
0.89769
0.900865
0.902908
0.903818
0.903596
0.902241
0.899753
0.896133
0.891381
0.885496
0.878479
0.877348
0.874875
0.86947
0.860597
0.849931
0.840118
0.831981
0.824273
0.813187
0.795931
0.775899
0.764115
0.754073
0.742593
0.731109
0.724711
0.715295
0.706897
0.698529
0.687568
0.676049
0.664251
0.650607
0.635192
0.619906
0.601799
0.580011
0.557232
0.539538
0.526235
0.514627
0.49789
0.478555
0.461972
0.448593
0.434597
0.421868
0.411964
0.399744
0.388388
0.374704
0.358646
0.343699
0.331201
0.31817
0.306405
0.296977
0.285562
0.272567
0.259655
0.246671
0.236364
0.225475
0.213686
0.203531
0.195441
0.187482
0.177576
0.168799
0.160648
0.152458
0.144262
0.144823
0.130751
0.117923
0.106338
0.095998
0.0869017
0.0790494
0.072441
0.0670765
0.0629561
0.0600795
0.058447
0.0580584
0.0589137
0.0610131
0.0643563
0.0689436
0.0747748
0.0818499
0.090169
0.0997321
0.110539
0.12259
0.135885
0.150424
0.168368
0.18658
0.206323
0.22755
0.248624
0.27234
0.301315
0.331642
0.359906
0.389135
0.419891
0.450742
0.484505
0.515965
0.545432
0.576263
0.606751
0.632825
0.655276
0.677975
0.699918
0.721075
0.743387
0.763997
0.780107
0.793005
0.815596
0.828971
0.841249
0.852431
0.862516
0.871505
0.879397
0.886193
0.891893
0.896495
0.900002
0.902411
0.903725
0.903942
0.903062
0.901086
0.898013
0.893844
0.888578
0.882216
0.874757
0.866202
0.85655
0.845802
0.833957
0.831981
0.824273
0.813187
0.795931
0.775899
0.764115
0.754073
0.742593
0.731109
0.724711
0.715295
0.706897
0.698529
0.687568
0.676049
0.664251
0.650607
0.635192
0.619906
0.601799
0.580011
0.557232
0.539538
0.526235
0.514627
0.49789
0.478555
0.461972
0.448593
0.434597
0.421868
0.411964
0.399744
0.388388
0.374704
0.358646
0.343699
0.331201
0.31817
0.306405
0.296977
0.285562
0.272567
0.259655
0.246671
0.236364
0.225475
0.213686
0.203531
0.195441
0.187482
0.177576
0.168799
0.160648
0.152458
0.144262
0.135293
0.126346
0.118842
0.110187
0.101884
0.0923684
0.0853169
0.076303
0.0688751
0.0630333
0.0587775
0.0561078
0.0550242
0.0555266
0.057615
0.0612895
0.0665501
0.0733967
0.0818293
0.0900166
0.100517
0.112238
0.124184
0.137015
0.151497
0.168368
0.18658
0.206323
0.22755
0.248624
0.27234
0.301315
0.331642
0.359906
0.389135
0.419891
0.450742
0.484505
0.515965
0.545432
0.576263
0.606751
0.632825
0.655276
0.677975
0.699918
0.721075
0.743387
0.763997
0.780107
0.793005
0.815596
0.828971
0.841249
0.852431
0.862516
0.871505
0.879397
0.886193
0.891893
0.896495
0.900002
0.902411
0.903725
0.903942
0.903062
0.901086
0.898013
0.893844
0.888578
0.882216
0.874757
0.866202
0.85655
0.845802
0.833957
0.831981
0.824273
0.813187
0.795931
0.775899
0.764115
0.754073
0.742593
0.731109
0.724711
0.715295
0.706897
0.698529
0.687568
0.676049
0.664251
0.650607
0.635192
0.619906
0.601799
0.580011
0.557232
0.539538
0.526235
0.514627
0.49789
0.478555
0.461972
0.448593
0.434597
0.421868
0.411964
0.399744
0.388388
0.374704
0.358646
0.343699
0.331201
0.31817
0.306405
0.296977
0.285562
0.272567
0.259655
0.246671
0.236364
0.225475
0.213686
0.203531
0.195441
0.187482
0.177576
0.168799
0.160648
0.152458
0.144262
0.135293
0.126346
0.118842
0.110187
0.101884
0.0923684
0.0853169
0.076303
0.0688751
0.0630333
0.0587775
0.0561078
0.0550242
0.0555266
0.057615
0.0612895
0.0665501
0.0733967
0.0818293
0.0900166
0.100517
0.112238
0.124184
0.137015
0.151497
0.168368
0.18658
0.206323
0.22755
0.248624
0.27234
0.301315
0.331642
0.359906
0.389135
0.419891
0.450742
0.484505
0.515965
0.545432
0.576263
0.606751
0.632825
0.655276
0.677975
0.699918
0.721075
0.743387
0.763997
0.780107
0.793005
0.815596
0.828971
0.841249
0.852431
0.862516
0.871505
0.879397
0.886193
0.891893
0.896495
0.900002
0.902411
0.903725
0.903942
0.903062
0.901086
0.898013
0.893844
0.888578
0.882216
0.874757
0.866202
0.85655
0.845802
0.833957
0.831981
0.824273
0.813187
0.795931
0.775899
0.764115
0.754073
0.742593
0.731109
0.724711
0.715295
0.706897
0.698529
0.687568
0.676049
0.664251
0.650607
0.635192
0.619906
0.601799
0.580011
0.557232
0.539538
0.526235
0.514627
0.49789
0.478555
0.461972
0.448593
0.434597
0.421868
0.411964
0.399744
0.388388
0.374704
0.358646
0.343699
0.331201
0.31817
0.306405
0.296977
0.285562
0.272567
0.259655
0.246671
0.236364
0.225475
0.213686
0.203531
0.195441
0.187482
0.177576
0.168799
0.160648
0.152458
0.144262
0.135293
0.126346
0.118842
0.110187
0.101884
0.0923684
0.0853169
0.076303
0.0688751
0.0630333
0.0587775
0.0561078
0.0550242
0.0555266
0.057615
0.0612895
0.0665501
0.0733967
0.0818293
0.0900166
0.100517
0.112238
0.124184
0.137015
0.151497
0.168368
0.18658
0.206323
0.22755
0.248624
0.27234
0.301315
0.331642
0.359906
0.389135
0.419891
0.450742
0.484505
0.515965
0.545432
0.576263
0.606751
0.632825
0.655276
0.677975
0.699918
0.721075
0.743387
0.763997
0.780107
0.793005
0.815596
0.828971
0.841249
0.852431
0.862516
0.871505
0.879397
0.886193
0.891893
0.896495
0.900002
0.902411
0.903725
0.903942
0.903062
0.901086
0.898013
0.893844
0.888578
0.882216
0.874757
0.866202
0.85655
0.845802
0.833957
0.831981
0.824273
0.813187
0.795931
0.775899
0.764115
0.754073
0.742593
0.731109
0.724711
0.715295
0.706897
0.698529
0.687568
0.676049
0.664251
0.650607
0.635192
0.619906
0.601799
0.580011
0.557232
0.539538
0.526235
0.514627
0.49789
0.478555
0.461972
0.448593
0.434597
0.421868
0.411964
0.399744
0.388388
0.374704
0.358646
0.343699
0.331201
0.31817
0.306405
0.296977
0.285562
0.272567
0.259655
0.246671
0.236364
0.225475
0.213686
0.203531
0.195441
0.187482
0.177576
0.168799
0.160648
0.152458
0.144262
0.135293
0.126346
0.118842
0.110187
0.101884
0.0923684
0.0853169
0.076303
0.0688751
0.0630333
0.0587775
0.0561078
0.0550242
0.0555266
0.057615
0.0612895
0.0665501
0.0733967
0.0818293
0.0900166
0.100517
0.112238
0.124184
0.137015
0.151497
0.168368
0.18658
0.206323
0.22755
0.248624
0.27234
0.301315
0.331642
0.359906
0.389135
0.419891
0.450742
0.484505
0.515965
0.545432
0.576263
0.606751
0.632825
0.655276
0.677975
0.699918
0.721075
0.743387
0.763997
0.780107
0.793005
0.815596
0.828971
0.841249
0.852431
0.862516
0.871505
0.879397
0.886193
0.891893
0.896495
0.900002
0.902411
0.903725
0.903942
0.903062
0.901086
0.898013
0.893844
0.888578
0.882216
0.874757
0.866202
0.85655
0.845802
0.833957
0.831981
0.824273
0.813187
0.795931
0.775899
0.764115
0.754073
0.742593
0.731109
0.724711
0.715295
0.706897
0.698529
0.687568
0.676049
0.664251
0.650607
0.635192
0.619906
0.601799
0.580011
0.557232
0.539538
0.526235
0.514627
0.49789
0.478555
0.461972
0.448593
0.434597
0.421868
0.411964
0.399744
0.388388
0.374704
0.358646
0.343699
0.331201
0.31817
0.306405
0.296977
0.285562
0.272567
0.259655
0.246671
0.236364
0.225475
0.213686
0.203531
0.195441
0.187482
0.177576
0.168799
0.160648
0.152458
0.144262
0.135293
0.126346
0.118842
0.110187
0.101884
0.0923684
0.0853169
0.076303
0.0688751
0.0630333
0.0587775
0.0561078
0.0550242
0.0555266
0.057615
0.0612895
0.0665501
0.0733967
0.0818293
0.0900166
0.100517
0.112238
0.124184
0.137015
0.151497
0.168368
0.18658
0.206323
0.22755
0.248624
0.27234
0.301315
0.331642
0.359906
0.389135
0.419891
0.450742
0.484505
0.515965
0.545432
0.576263
0.606751
0.632825
0.655276
0.677975
0.699918
0.721075
0.743387
0.763997
0.780107
0.793005
0.815596
0.828971
0.841249
0.852431
0.862516
0.871505
0.879397
0.886193
0.891893
0.896495
0.900002
0.902411
0.903725
0.903942
0.903062
0.901086
0.898013
0.893844
0.888578
0.882216
0.874757
0.866202
0.85655
0.845802
0.833957
0.831981
0.824273
0.813187
0.795931
0.775899
0.764115
0.754073
0.742593
0.731109
0.724711
0.715295
0.706897
0.698529
0.687568
0.676049
0.664251
0.650607
0.635192
0.619906
0.601799
0.580011
0.557232
0.539538
0.526235
0.514627
0.49789
0.478555
0.461972
0.448593
0.434597
0.421868
0.411964
0.399744
0.388388
0.374704
0.358646
0.343699
0.331201
0.31817
0.306405
0.296977
0.285562
0.272567
0.259655
0.246671
0.236364
0.225475
0.213686
0.203531
0.195441
0.187482
0.177576
0.168799
0.160648
0.152458
0.144262
0.135293
0.126346
0.118842
0.110187
0.101884
0.0923684
0.0853169
0.076303
0.0688751
0.0630333
0.0587775
0.0561078
0.0550242
0.0555266
0.057615
0.0612895
0.0665501
0.0733967
0.0818293
0.0900166
0.100517
0.112238
0.124184
0.137015
0.151497
0.168368
0.18658
0.206323
0.22755
0.248624
0.27234
0.301315
0.331642
0.359906
0.389135
0.419891
0.450742
0.484505
0.515965
0.545432
0.576263
0.606751
0.632825
0.655276
0.677975
0.699918
0.721075
0.743387
0.763997
0.780107
0.793005
0.815596
0.828971
0.841249
0.852431
0.862516
0.871505
0.879397
0.886193
0.891893
0.896495
0.900002
0.902411
0.903725
0.903942
0.903062
0.901086
0.898013
0.893844
0.888578
0.882216
0.874757
0.866202
0.85655
0.845802
0.833957
0.831981
0.824273
0.813187
0.795931
0.775899
0.764115
0.754073
0.742593
0.731109
0.724711
0.715295
0.706897
0.698529
0.687568
0.676049
0.664251
0.650607
0.635192
0.619906
0.601799
0.580011
0.557232
0.539538
0.526235
0.514627
0.49789
0.478555
0.461972
0.448593
0.434597
0.421868
0.411964
0.399744
0.388388
0.374704
0.358646
0.343699
0.331201
0.31817
0.306405
0.296977
0.285562
0.272567
0.259655
0.246671
0.236364
0.225475
0.213686
0.203531
0.195441
0.187482
0.177576
0.168799
0.160648
0.152458
0.144262
0.135293
0.126346
0.118842
0.110187
0.101884
0.0923684
0.0853169
0.076303
0.0688751
0.0630333
0.0587775
0.0561078
0.0550242
0.0555266
0.057615
0.0612895
0.0665501
0.0733967
0.0818293
0.0900166
0.100517
0.112238
0.124184
0.137015
0.151497
0.168368
0.18658
0.206323
0.22755
0.248624
0.27234
0.301315
0.331642
0.359906
0.389135
0.419891
0.450742
0.484505
0.515965
0.545432
0.576263
0.606751
0.632825
0.655276
0.677975
0.699918
0.721075
0.743387
0.763997
0.780107
0.793005
0.815596
0.828971
0.841249
0.852431
0.862516
0.871505
0.879397
0.886193
0.891893
0.896495
0.900002
0.902411
0.903725
0.903942
0.903062
0.901086
0.898013
0.893844
0.888578
0.882216
0.874757
0.866202
0.85655
0.845802
0.833957
0.831981
0.824273
0.813187
0.795931
0.775899
0.764115
0.754073
0.742593
0.731109
0.724711
0.715295
0.706897
0.698529
0.687568
0.676049
0.664251
0.650607
0.635192
0.619906
0.601799
0.580011
0.557232
0.539538
0.526235
0.514627
0.49789
0.478555
0.461972
0.448593
0.434597
0.421868
0.411964
0.399744
0.388388
0.374704
0.358646
0.343699
0.331201
0.31817
0.306405
0.296977
0.285562
0.272567
0.259655
0.246671
0.236364
0.225475
0.213686
0.203531
0.195441
0.187482
0.177576
0.168799
0.160648
0.152458
0.144262
0.135293
0.126346
0.118842
0.110187
0.101884
0.0923684
0.0853169
0.076303
0.0688751
0.0630333
0.0587775
0.0561078
0.0550242
0.0555266
0.057615
0.0612895
0.0665501
0.0733967
0.0818293
0.0900166
0.100517
0.112238
0.124184
0.137015
0.151497
0.168368
0.18658
0.206323
0.22755
0.248624
0.27234
0.301315
0.331642
0.359906
0.389135
0.419891
0.450742
0.484505
0.515965
0.545432
0.576263
0.606751
0.632825
0.655276
0.677975
0.699918
0.721075
0.743387
0.763997
0.780107
0.793005
0.815596
0.828971
0.841249
0.852431
0.862516
0.871505
0.879397
0.886193
0.891893
0.896495
0.900002
0.902411
0.903725
0.903942
0.903062
0.901086
0.898013
0.893844
0.888578
0.882216
0.874757
0.866202
0.85655
0.845802
0.833957
0.831981
0.824273
0.813187
0.795931
0.775899
0.764115
0.754073
0.742593
0.731109
0.724711
0.715295
0.706897
0.698529
0.687568
0.676049
0.664251
0.650607
0.635192
0.619906
0.601799
0.580011
0.557232
0.539538
0.526235
0.514627
0.49789
0.478555
0.461972
0.448593
0.434597
0.421868
0.411964
0.399744
0.388388
0.374704
0.358646
0.343699
0.331201
0.31817
0.306405
0.296977
0.285562
0.272567
0.259655
0.246671
0.236364
0.225475
0.213686
0.203531
0.195441
0.187482
0.177576
0.168799
0.160648
0.152458
0.144262
0.135293
0.126346
0.118842
0.110187
0.101884
0.0923684
0.0853169
0.076303
0.0688751
0.0630333
0.0587775
0.0561078
0.0550242
0.0555266
0.057615
0.0612895
0.0665501
0.0733967
0.0818293
0.0900166
0.100517
0.112238
0.124184
0.137015
0.151497
0.168368
0.18658
0.206323
0.22755
0.248624
0.27234
0.301315
0.331642
0.359906
0.389135
0.419891
0.450742
0.484505
0.515965
0.545432
0.576263
0.606751
0.632825
0.655276
0.677975
0.699918
0.721075
0.743387
0.763997
0.780107
0.793005
0.815596
0.828971
0.841249
0.852431
0.862516
0.871505
0.879397
0.886193
0.891893
0.896495
0.900002
0.902411
0.903725
0.903942
0.903062
0.901086
0.898013
0.893844
0.888578
0.882216
0.874757
0.866202
0.85655
0.845802
0.833957
0.831981
0.824273
0.813187
0.795931
0.775899
0.764115
0.754073
0.742593
0.731109
0.724711
0.715295
0.706897
0.698529
0.687568
0.676049
0.664251
0.650607
0.635192
0.619906
0.601799
0.580011
0.557232
0.539538
0.526235
0.514627
0.49789
0.478555
0.461972
0.448593
0.434597
0.421868
0.411964
0.399744
0.388388
0.374704
0.358646
0.343699
0.331201
0.31817
0.306405
0.296977
0.285562
0.272567
0.259655
0.246671
0.236364
0.225475
0.213686
0.203531
0.195441
0.187482
0.177576
0.168799
0.160648
0.152458
0.144262
0.135293
0.126346
0.118842
0.110187
0.101884
0.0923684
0.0853169
0.076303
0.0688751
0.0630333
0.0587775
0.0561078
0.0550242
0.0555266
0.057615
0.0612895
0.0665501
0.0733967
0.0818293
0.0900166
0.100517
0.112238
0.124184
0.137015
0.151497
0.168368
0.18658
0.206323
0.22755
0.248624
0.27234
0.301315
0.331642
0.359906
0.389135
0.419891
0.450742
0.484505
0.515965
0.545432
0.576263
0.606751
0.632825
0.655276
0.677975
0.699918
0.721075
0.743387
0.763997
0.780107
0.793005
0.815596
0.828971
0.841249
0.852431
0.862516
0.871505
0.879397
0.886193
0.891893
0.896495
0.900002
0.902411
0.903725
0.903942
0.903062
0.901086
0.898013
0.893844
0.888578
0.882216
0.874757
0.866202
0.85655
0.845802
0.833957
0.831981
0.824273
0.813187
0.795931
0.775899
0.764115
0.754073
0.742593
0.731109
0.724711
0.715295
0.706897
0.698529
0.687568
0.676049
0.664251
0.650607
0.635192
0.619906
0.601799
0.580011
0.557232
0.539538
0.526235
0.514627
0.49789
0.478555
0.461972
0.448593
0.434597
0.421868
0.411964
0.399744
0.388388
0.374704
0.358646
0.343699
0.331201
0.31817
0.306405
0.296977
0.285562
0.272567
0.259655
0.246671
0.236364
0.225475
0.213686
0.203531
0.195441
0.187482
0.177576
0.168799
0.160648
0.152458
0.144262
0.135293
0.126346
0.118842
0.110187
0.101884
0.0923684
0.0853169
0.076303
0.0688751
0.0630333
0.0587775
0.0561078
0.0550242
0.0555266
0.057615
0.0612895
0.0665501
0.0733967
0.0818293
0.0900166
0.100517
0.112238
0.124184
0.137015
0.151497
0.168368
0.18658
0.206323
0.22755
0.248624
0.27234
0.301315
0.331642
0.359906
0.389135
0.419891
0.450742
0.484505
0.515965
0.545432
0.576263
0.606751
0.632825
0.655276
0.677975
0.699918
0.721075
0.743387
0.763997
0.780107
0.793005
0.815596
0.828971
0.841249
0.852431
0.862516
0.871505
0.879397
0.886193
0.891893
0.896495
0.900002
0.902411
0.903725
0.903942
0.903062
0.901086
0.898013
0.893844
0.888578
0.882216
0.874757
0.866202
0.85655
0.845802
0.833957
0.831981
0.824273
0.813187
0.795931
0.775899
0.764115
0.754073
0.742593
0.731109
0.724711
0.715295
0.706897
0.698529
0.687568
0.676049
0.664251
0.650607
0.635192
0.619906
0.601799
0.580011
0.557232
0.539538
0.526235
0.514627
0.49789
0.478555
0.461972
0.448593
0.434597
0.421868
0.411964
0.399744
0.388388
0.374704
0.358646
0.343699
0.331201
0.31817
0.306405
0.296977
0.285562
0.272567
0.259655
0.246671
0.236364
0.225475
0.213686
0.203531
0.195441
0.187482
0.177576
0.168799
0.160648
0.152458
0.144262
0.135293
0.126346
0.118842
0.110187
0.101884
0.0923684
0.0853169
0.076303
0.0688751
0.0630333
0.0587775
0.0561078
0.0550242
0.0555266
0.057615
0.0612895
0.0665501
0.0733967
0.0818293
0.0900166
0.100517
0.112238
0.124184
0.137015
0.151497
0.168368
0.18658
0.206323
0.22755
0.248624
0.27234
0.301315
0.331642
0.359906
0.389135
0.419891
0.450742
0.484505
0.515965
0.545432
0.576263
0.606751
0.632825
0.655276
0.677975
0.699918
0.721075
0.743387
0.763997
0.780107
0.793005
0.815596
0.828971
0.841249
0.852431
0.862516
0.871505
0.879397
0.886193
0.891893
0.896495
0.900002
0.902411
0.903725
0.903942
0.903062
0.901086
0.898013
0.893844
0.888578
0.882216
0.874757
0.866202
0.85655
0.845802
0.833957
0.831981
0.824273
0.813187
0.795931
0.775899
0.764115
0.754073
0.742593
0.731109
0.724711
0.715295
0.706897
0.698529
0.687568
0.676049
0.664251
0.650607
0.635192
0.619906
0.601799
0.580011
0.557232
0.539538
0.526235
0.514627
0.49789
0.478555
0.461972
0.448593
0.434597
0.421868
0.411964
0.399744
0.388388
0.374704
0.358646
0.343699
0.331201
0.31817
0.306405
0.296977
0.285562
0.272567
0.259655
0.246671
0.236364
0.225475
0.213686
0.203531
0.195441
0.187482
0.177576
0.168799
0.160648
0.152458
0.144262
0.135293
0.126346
0.118842
0.110187
0.101884
0.0923684
0.0853169
0.076303
0.0688751
0.0630333
0.0587775
0.0561078
0.0550242
0.0555266
0.057615
0.0612895
0.0665501
0.0733967
0.0818293
0.0900166
0.100517
0.112238
0.124184
0.137015
0.151497
0.168368
0.18658
0.206323
0.22755
0.248624
0.27234
0.301315
0.331642
0.359906
0.389135
0.419891
0.450742
0.484505
0.515965
0.545432
0.576263
0.606751
0.632825
0.655276
0.677975
0.699918
0.721075
0.743387
0.763997
0.780107
0.793005
0.815596
0.828971
0.841249
0.852431
0.862516
0.871505
0.879397
0.886193
0.891893
0.896495
0.900002
0.902411
0.903725
0.903942
0.903062
0.901086
0.898013
0.893844
0.888578
0.882216
0.874757
0.866202
0.85655
0.845802
0.833957
0.831981
0.824273
0.813187
0.795931
0.775899
0.764115
0.754073
0.742593
0.731109
0.724711
0.715295
0.706897
0.698529
0.687568
0.676049
0.664251
0.650607
0.635192
0.619906
0.601799
0.580011
0.557232
0.539538
0.526235
0.514627
0.49789
0.478555
0.461972
0.448593
0.434597
0.421868
0.411964
0.399744
0.388388
0.374704
0.358646
0.343699
0.331201
0.31817
0.306405
0.296977
0.285562
0.272567
0.259655
0.246671
0.236364
0.225475
0.213686
0.203531
0.195441
0.187482
0.177576
0.168799
0.160648
0.152458
0.144262
0.135293
0.126346
0.118842
0.110187
0.101884
0.0923684
0.0853169
0.076303
0.0688751
0.0630333
0.0587775
0.0561078
0.0550242
0.0555266
0.057615
0.0612895
0.0665501
0.0733967
0.0818293
0.0900166
0.100517
0.112238
0.124184
0.137015
0.151497
0.168368
0.18658
0.206323
0.22755
0.248624
0.27234
0.301315
0.331642
0.359906
0.389135
0.419891
0.450742
0.484505
0.515965
0.545432
0.576263
0.606751
0.632825
0.655276
0.677975
0.699918
0.721075
0.743387
0.763997
0.780107
0.793005
0.815596
0.828971
0.841249
0.852431
0.862516
0.871505
0.879397
0.886193
0.891893
0.896495
0.900002
0.902411
0.903725
0.903942
0.903062
0.901086
0.898013
0.893844
0.888578
0.882216
0.874757
0.866202
0.85655
0.845802
0.833957
0.831981
0.824273
0.813187
0.795931
0.775899
0.764115
0.754073
0.742593
0.731109
0.724711
0.715295
0.706897
0.698529
0.687568
0.676049
0.664251
0.650607
0.635192
0.619906
0.601799
0.580011
0.557232
0.539538
0.526235
0.514627
0.49789
0.478555
0.461972
0.448593
0.434597
0.421868
0.411964
0.399744
0.388388
0.374704
0.358646
0.343699
0.331201
0.31817
0.306405
0.296977
0.285562
0.272567
0.259655
0.246671
0.236364
0.225475
0.213686
0.203531
0.195441
0.187482
0.177576
0.168799
0.160648
0.152458
0.144262
0.135293
0.126346
0.118842
0.110187
0.101884
0.0923684
0.0853169
0.076303
0.0688751
0.0630333
0.0587775
0.0561078
0.0550242
0.0555266
0.057615
0.0612895
0.0665501
0.0733967
0.0818293
0.0900166
0.100517
0.112238
0.124184
0.137015
0.151497
0.168368
0.18658
0.206323
0.22755
0.248624
0.27234
0.301315
0.331642
0.359906
0.389135
0.419891
0.450742
0.484505
0.515965
0.545432
0.576263
0.606751
0.632825
0.655276
0.677975
0.699918
0.721075
0.743387
0.763997
0.780107
0.793005
0.815596
0.828971
0.841249
0.852431
0.862516
0.871505
0.879397
0.886193
0.891893
0.896495
0.900002
0.902411
0.903725
0.903942
0.903062
0.901086
0.898013
0.893844
0.888578
0.882216
0.874757
0.866202
0.85655
0.845802
0.833957
0.831981
0.824273
0.813187
0.795931
0.775899
0.764115
0.754073
0.742593
0.731109
0.724711
0.715295
0.706897
0.698529
0.687568
0.676049
0.664251
0.650607
0.635192
0.619906
0.601799
0.580011
0.557232
0.539538
0.526235
0.514627
0.49789
0.478555
0.461972
0.448593
0.434597
0.421868
0.411964
0.399744
0.388388
0.374704
0.358646
0.343699
0.331201
0.31817
0.306405
0.296977
0.285562
0.272567
0.259655
0.246671
0.236364
0.225475
0.213686
0.203531
0.195441
0.187482
0.177576
0.168799
0.160648
0.152458
0.144262
0.135293
0.126346
0.118842
0.110187
0.101884
0.0923684
0.0853169
0.076303
0.0688751
0.0630333
0.0587775
0.0561078
0.0550242
0.0555266
0.057615
0.0612895
0.0665501
0.0733967
0.0818293
0.0900166
0.100517
0.112238
0.124184
0.137015
0.151497
0.168368
0.18658
0.206323
0.22755
0.248624
0.27234
0.301315
0.331642
0.359906
0.389135
0.419891
0.450742
0.484505
0.515965
0.545432
0.576263
0.606751
0.632825
0.655276
0.677975
0.699918
0.721075
0.743387
0.763997
0.780107
0.793005
0.815596
0.828971
0.841249
0.852431
0.862516
0.871505
0.879397
0.886193
0.891893
0.896495
0.900002
0.902411
0.903725
0.903942
0.903062
0.901086
0.898013
0.893844
0.888578
0.882216
0.874757
0.866202
0.85655
0.845802
0.833957
0.831981
0.824273
0.813187
0.795931
0.775899
0.764115
0.754073
0.742593
0.731109
0.724711
0.715295
0.706897
0.698529
0.687568
0.676049
0.664251
0.650607
0.635192
0.619906
0.601799
0.580011
0.557232
0.539538
0.526235
0.514627
0.49789
0.478555
0.461972
0.448593
0.434597
0.421868
0.411964
0.399744
0.388388
0.374704
0.358646
0.343699
0.331201
0.31817
0.306405
0.296977
0.285562
0.272567
0.259655
0.246671
0.236364
0.225475
0.213686
0.203531
0.195441
0.187482
0.177576
0.168799
0.160648
0.152458
0.144262
0.135293
0.126346
0.118842
0.110187
0.101884
0.0923684
0.0853169
0.076303
0.0688751
0.0630333
0.0587775
0.0561078
0.0550242
0.0555266
0.057615
0.0612895
0.0665501
0.0733967
0.0818293
0.0900166
0.100517
0.112238
0.124184
0.137015
0.151497
0.168368
0.18658
0.206323
0.22755
0.248624
0.27234
0.301315
0.331642
0.359906
0.389135
0.419891
0.450742
0.484505
0.515965
0.545432
0.576263
0.606751
0.632825
0.655276
0.677975
0.699918
0.721075
0.743387
0.763997
0.780107
0.793005
0.815596
0.828971
0.841249
0.852431
0.862516
0.871505
0.879397
0.886193
0.891893
0.896495
0.900002
0.902411
0.903725
0.903942
0.903062
0.901086
0.898013
0.893844
0.888578
0.882216
0.874757
0.866202
0.85655
0.845802
0.833957
0.831981
0.824273
0.813187
0.795931
0.775899
0.764115
0.754073
0.742593
0.731109
0.724711
0.715295
0.706897
0.698529
0.687568
0.676049
0.664251
0.650607
0.635192
0.619906
0.601799
0.580011
0.557232
0.539538
0.526235
0.514627
0.49789
0.478555
0.461972
0.448593
0.434597
0.421868
0.411964
0.399744
0.388388
0.374704
0.358646
0.343699
0.331201
0.31817
0.306405
0.296977
0.285562
0.272567
0.259655
0.246671
0.236364
0.225475
0.213686
0.203531
0.195441
0.187482
0.177576
0.168799
0.160648
0.152458
0.144262
0.135293
0.126346
0.118842
0.110187
0.101884
0.0923684
0.0853169
0.076303
0.0688751
0.0630333
0.0587775
0.0561078
0.0550242
0.0555266
0.057615
0.0612895
0.0665501
0.0733967
0.0818293
0.0900166
0.100517
0.112238
0.124184
0.137015
0.151497
0.168368
0.18658
0.206323
0.22755
0.248624
0.27234
0.301315
0.331642
0.359906
0.389135
0.419891
0.450742
0.484505
0.515965
0.545432
0.576263
0.606751
0.632825
0.655276
0.677975
0.699918
0.721075
0.743387
0.763997
0.780107
0.793005
0.815596
0.828971
0.841249
0.852431
0.862516
0.871505
0.879397
0.886193
0.891893
0.896495
0.900002
0.902411
0.903725
0.903942
0.903062
0.901086
0.898013
0.893844
0.888578
0.882216
0.874757
0.866202
0.85655
0.845802
0.833957
0.831981
0.824273
0.813187
0.795931
0.775899
0.764115
0.754073
0.742593
0.731109
0.724711
0.715295
0.706897
0.698529
0.687568
0.676049
0.664251
0.650607
0.635192
0.619906
0.601799
0.580011
0.557232
0.539538
0.526235
0.514627
0.49789
0.478555
0.461972
0.448593
0.434597
0.421868
0.411964
0.399744
0.388388
0.374704
0.358646
0.343699
0.331201
0.31817
0.306405
0.296977
0.285562
0.272567
0.259655
0.246671
0.236364
0.225475
0.213686
0.203531
0.195441
0.187482
0.177576
0.168799
0.160648
0.152458
0.144262
0.135293
0.126346
0.118842
0.110187
0.101884
0.0923684
0.0853169
0.076303
0.0688751
0.0630333
0.0587775
0.0561078
0.0550242
0.0555266
0.057615
0.0612895
0.0665501
0.0733967
0.0818293
0.0900166
0.100517
0.112238
0.124184
0.137015
0.151497
0.168368
0.18658
0.206323
0.22755
0.248624
0.27234
0.301315
0.331642
0.359906
0.389135
0.419891
0.450742
0.484505
0.515965
0.545432
0.576263
0.606751
0.632825
0.655276
0.677975
0.699918
0.721075
0.743387
0.763997
0.780107
0.793005
0.815596
0.828971
0.841249
0.852431
0.862516
0.871505
0.879397
0.886193
0.891893
0.896495
0.900002
0.902411
0.903725
0.903942
0.903062
0.901086
0.898013
0.893844
0.888578
0.882216
0.874757
0.866202
0.85655
0.845802
0.833957
0.831981
0.824273
0.813187
0.795931
0.775899
0.764115
0.754073
0.742593
0.731109
0.724711
0.715295
0.706897
0.698529
0.687568
0.676049
0.664251
0.650607
0.635192
0.619906
0.601799
0.580011
0.557232
0.539538
0.526235
0.514627
0.49789
0.478555
0.461972
0.448593
0.434597
0.421868
0.411964
0.399744
0.388388
0.374704
0.358646
0.343699
0.331201
0.31817
0.306405
0.296977
0.285562
0.272567
0.259655
0.246671
0.236364
0.225475
0.213686
0.203531
0.195441
0.187482
0.177576
0.168799
0.160648
0.152458
0.144262
0.135293
0.126346
0.118842
0.110187
0.101884
0.0923684
0.0853169
0.076303
0.0688751
0.0630333
0.0587775
0.0561078
0.0550242
0.0555266
0.057615
0.0612895
0.0665501
0.0733967
0.0818293
0.0900166
0.100517
0.112238
0.124184
0.137015
0.151497
0.168368
0.18658
0.206323
0.22755
0.248624
0.27234
0.301315
0.331642
0.359906
0.389135
0.419891
0.450742
0.484505
0.515965
0.545432
0.576263
0.606751
0.632825
0.655276
0.677975
0.699918
0.721075
0.743387
0.763997
0.780107
0.793005
0.815596
0.828971
0.841249
0.852431
0.862516
0.871505
0.879397
0.886193
0.891893
0.896495
0.900002
0.902411
0.903725
0.903942
0.903062
0.901086
0.898013
0.893844
0.888578
0.882216
0.874757
0.866202
0.85655
0.845802
0.833957
0.831981
0.824273
0.813187
0.795931
0.775899
0.764115
0.754073
0.742593
0.731109
0.724711
0.715295
0.706897
0.698529
0.687568
0.676049
0.664251
0.650607
0.635192
0.619906
0.601799
0.580011
0.557232
0.539538
0.526235
0.514627
0.49789
0.478555
0.461972
0.448593
0.434597
0.421868
0.411964
0.399744
0.388388
0.374704
0.358646
0.343699
0.331201
0.31817
0.306405
0.296977
0.285562
0.272567
0.259655
0.246671
0.236364
0.225475
0.213686
0.203531
0.195441
0.187482
0.177576
0.168799
0.160648
0.152458
0.144262
0.135293
0.126346
0.118842
0.110187
0.101884
0.0923684
0.0853169
0.076303
0.0688751
0.0630333
0.0587775
0.0561078
0.0550242
0.0555266
0.057615
0.0612895
0.0665501
0.0733967
0.0818293
0.0900166
0.100517
0.112238
0.124184
0.137015
0.151497
0.168368
0.18658
0.206323
0.22755
0.248624
0.27234
0.301315
0.331642
0.359906
0.389135
0.419891
0.450742
0.484505
0.515965
0.545432
0.576263
0.606751
0.632825
0.655276
0.677975
0.699918
0.721075
0.743387
0.763997
0.780107
0.793005
0.815596
0.828971
0.841249
0.852431
0.862516
0.871505
0.879397
0.886193
0.891893
0.896495
0.900002
0.902411
0.903725
0.903942
0.903062
0.901086
0.898013
0.893844
0.888578
0.882216
0.874757
0.866202
0.85655
0.845802
0.833957
0.831981
0.824273
0.813187
0.795931
0.775899
0.764115
0.754073
0.742593
0.731109
0.724711
0.715295
0.706897
0.698529
0.687568
0.676049
0.664251
0.650607
0.635192
0.619906
0.601799
0.580011
0.557232
0.539538
0.526235
0.514627
0.49789
0.478555
0.461972
0.448593
0.434597
0.421868
0.411964
0.399744
0.388388
0.374704
0.358646
0.343699
0.331201
0.31817
0.306405
0.296977
0.285562
0.272567
0.259655
0.246671
0.236364
0.225475
0.213686
0.203531
0.195441
0.187482
0.177576
0.168799
0.160648
0.152458
0.144262
0.135293
0.126346
0.118842
0.110187
0.101884
0.0923684
0.0853169
0.076303
0.0688751
0.0630333
0.0587775
0.0561078
0.0550242
0.0555266
0.057615
0.0612895
0.0665501
0.0733967
0.0818293
0.0900166
0.100517
0.112238
0.124184
0.137015
0.151497
0.168368
0.18658
0.206323
0.22755
0.248624
0.27234
0.301315
0.331642
0.359906
0.389135
0.419891
0.450742
0.484505
0.515965
0.545432
0.576263
0.606751
0.632825
0.655276
0.677975
0.699918
0.721075
0.743387
0.763997
0.780107
0.793005
0.815596
0.828971
0.841249
0.852431
0.862516
0.871505
0.879397
0.886193
0.891893
0.896495
0.900002
0.902411
0.903725
0.903942
0.903062
0.901086
0.898013
0.893844
0.888578
0.882216
0.874757
0.866202
0.85655
0.845802
0.833957
0.831981
0.824273
0.813187
0.795931
0.775899
0.764115
0.754073
0.742593
0.731109
0.724711
0.715295
0.706897
0.698529
0.687568
0.676049
0.664251
0.650607
0.635192
0.619906
0.601799
0.580011
0.557232
0.539538
0.526235
0.514627
0.49789
0.478555
0.461972
0.448593
0.434597
0.421868
0.411964
0.399744
0.388388
0.374704
0.358646
0.343699
0.331201
0.31817
0.306405
0.296977
0.285562
0.272567
0.259655
0.246671
0.236364
0.225475
0.213686
0.203531
0.195441
0.187482
0.177576
0.168799
0.160648
0.152458
0.144262
0.135293
0.126346
0.118842
0.110187
0.101884
0.0923684
0.0853169
0.076303
0.0688751
0.0630333
0.0587775
0.0561078
0.0550242
0.0555266
0.057615
0.0612895
0.0665501
0.0733967
0.0818293
0.0900166
0.100517
0.112238
0.124184
0.137015
0.151497
0.168368
0.18658
0.206323
0.22755
0.248624
0.27234
0.301315
0.331642
0.359906
0.389135
0.419891
0.450742
0.484505
0.515965
0.545432
0.576263
0.606751
0.632825
0.655276
0.677975
0.699918
0.721075
0.743387
0.763997
0.780107
0.793005
0.815596
0.828971
0.841249
0.852431
0.862516
0.871505
0.879397
0.886193
0.891893
0.896495
0.900002
0.902411
0.903725
0.903942
0.903062
0.901086
0.898013
0.893844
0.888578
0.882216
0.874757
0.866202
0.85655
0.845802
0.833957
0.831981
0.824273
0.813187
0.795931
0.775899
0.764115
0.754073
0.742593
0.731109
0.724711
0.715295
0.706897
0.698529
0.687568
0.676049
0.664251
0.650607
0.635192
0.619906
0.601799
0.580011
0.557232
0.539538
0.526235
0.514627
0.49789
0.478555
0.461972
0.448593
0.434597
0.421868
0.411964
0.399744
0.388388
0.374704
0.358646
0.343699
0.331201
0.31817
0.306405
0.296977
0.285562
0.272567
0.259655
0.246671
0.236364
0.225475
0.213686
0.203531
0.195441
0.187482
0.177576
0.168799
0.160648
0.152458
0.144262
0.135293
0.126346
0.118842
0.110187
0.101884
0.0923684
0.0853169
0.076303
0.0688751
0.0630333
0.0587775
0.0561078
0.0550242
0.0555266
0.057615
0.0612895
0.0665501
0.0733967
0.0818293
0.0900166
0.100517
0.112238
0.124184
0.137015
0.151497
0.168368
0.18658
0.206323
0.22755
0.248624
0.27234
0.301315
0.331642
0.359906
0.389135
0.419891
0.450742
0.484505
0.515965
0.545432
0.576263
0.606751
0.632825
0.655276
0.677975
0.699918
0.721075
0.743387
0.763997
0.780107
0.793005
0.815596
0.828971
0.841249
0.852431
0.862516
0.871505
0.879397
0.886193
0.891893
0.896495
0.900002
0.902411
0.903725
0.903942
0.903062
0.901086
0.898013
0.893844
0.888578
0.882216
0.874757
0.866202
0.85655
0.845802
0.833957
0.831981
0.824273
0.813187
0.795931
0.775899
0.764115
0.754073
0.742593
0.731109
0.724711
0.715295
0.706897
0.698529
0.687568
0.676049
0.664251
0.650607
0.635192
0.619906
0.601799
0.580011
0.557232
0.539538
0.526235
0.514627
0.49789
0.478555
0.461972
0.448593
0.434597
0.421868
0.411964
0.399744
0.388388
0.374704
0.358646
0.343699
0.331201
0.31817
0.306405
0.296977
0.285562
0.272567
0.259655
0.246671
0.236364
0.225475
0.213686
0.203531
0.195441
0.187482
0.177576
0.168799
0.160648
0.152458
0.144262
0.135293
0.126346
0.118842
0.110187
0.101884
0.0923684
0.0837371
0.0769511
0.0704064
0.063893
0.0590453
0.0560699
0.0525079
