0.0680895
0.111214
0.186285
0.301322
0.464575
0.637587
0.774401
0.877395
0.957691
0.996733
0.995502
0.970713
0.929521
0.858468
0.801833
0.747992
0.665841
0.569392
0.480846
0.414579
0.339012
0.272921
0.216239
0.168682
0.117654
0.0742146
0.0651742
0.0905477
0.150325
0.251731
0.398152
0.570794
0.724909
0.845184
0.930645
0.980365
0.99976
0.988829
0.947572
0.899601
0.821505
0.772759
0.702691
0.596872
0.511064
0.442223
0.366396
0.301532
0.236393
0.186737
0.139772
0.0943832
0.0620701
0.0736221
0.124165
0.206407
0.333334
0.49864
0.671228
0.797701
0.902266
0.964116
0.995641
0.996841
0.967714
0.920392
0.845314
0.791306
0.734838
0.641646
0.550799
0.466698
0.396758
0.328535
0.261481
0.207405
0.159592
0.112711
0.0697316
0.0637375
0.0995823
0.167596
0.275044
0.430487
0.603393
0.75002
0.863006
0.943015
0.986671
1
0.983003
0.935682
0.880511
0.808801
0.760633
0.685781
0.582156
0.496263
0.42966
0.351981
0.287247
0.225159
0.177719
0.131471
0.0844114
0.0608714
0.0811962
0.13738
0.228248
0.366884
0.535991
0.700073
0.822384
0.917062
0.972847
0.998306
0.993441
0.95825
0.911865
0.834205
0.782016
0.719744
0.616447
0.529409
0.455742
0.380222
0.315907
0.249435
0.196446
0.14967
0.102184
0.0650235
0.0678025
0.111199
0.18626
0.30128
0.464511
0.6375
0.774295
0.877274
0.954172
0.991762
0.999026
0.975965
0.922578
0.85835
0.801723
0.74789
0.66575
0.569314
0.48078
0.414522
0.338965
0.272884
0.21621
0.168659
0.121896
0.0761942
0.0614272
0.0905249
0.151575
0.251731
0.398152
0.570794
0.724909
0.845184
0.930645
0.980365
0.99976
0.988829
0.947572
0.899601
0.821505
0.772759
0.702691
0.596872
0.511064
0.442223
0.366396
0.301532
0.236393
0.186737
0.139772
0.0943832
0.0620701
0.0736221
0.124165
0.206407
0.333334
0.49864
0.671228
0.797701
0.902266
0.964116
0.995641
0.996841
0.967714
0.920392
0.845314
0.791306
0.734838
0.641646
0.550799
0.466698
0.396758
0.328535
0.261481
0.207405
0.159592
0.112711
0.0697316
0.0637375
0.0995823
0.167596
0.275044
0.430487
0.603393
0.75002
0.863006
0.943015
0.986671
1
0.983003
0.935682
0.880511
0.808801
0.760633
0.685781
0.582156
0.496263
0.42966
0.351981
0.287247
0.225159
0.177719
0.131471
0.0844114
0.0608714
0.0811962
0.13738
0.228248
0.366884
0.535991
0.700073
0.822384
0.917062
0.972847
0.998306
0.993441
0.95825
0.911865
0.834205
0.782016
0.719744
0.616447
0.529409
0.455742
0.380222
0.315907
0.249435
0.196446
0.14967
0.102184
0.0650235
0.0678025
0.111199
0.18626
0.30128
0.464511
0.6375
0.774295
0.877274
0.954172
0.991762
0.999026
0.975965
0.922578
0.85835
0.801723
0.74789
0.66575
0.569314
0.48078
0.414522
0.338965
0.272884
0.21621
0.168659
0.121896
0.0761942
0.0614272
0.0905249
0.151575
0.251731
0.398152
0.570794
0.724909
0.845184
0.930645
0.980365
0.99976
0.988829
0.947572
0.899601
0.821505
0.772759
0.702691
0.596872
0.511064
0.442223
0.366396
0.301532
0.236393
0.186737
0.139772
0.0943832
0.0620701
0.0736221
0.124165
0.206407
0.333334
0.49864
0.671228
0.797701
0.902266
0.964116
0.995641
0.996841
0.967714
0.920392
0.845314
0.791306
0.734838
0.641646
0.550799
0.466698
0.396758
0.328535
0.261481
0.207405
0.159592
0.112711
0.0697316
0.0637375
0.0995823
0.167596
0.275044
0.430487
0.603393
0.75002
0.863006
0.943015
0.986671
1
0.983003
0.935682
0.880511
0.808801
0.760633
0.685781
0.582156
0.496263
0.42966
0.351981
0.287247
0.225159
0.177719
0.131471
0.0844114
0.0608714
0.0811962
0.13738
0.228248
0.366884
0.535991
0.700073
0.822384
0.917062
0.972847
0.998306
0.993441
0.95825
0.911865
0.834205
0.782016
0.719744
0.616447
0.529409
0.455742
0.380222
0.315907
0.249435
0.196446
0.14967
0.102184
0.0650235
0.0678025
0.111199
0.18626
0.30128
0.464511
0.6375
0.774295
0.877274
0.954172
0.991762
0.999026
0.975965
0.922578
0.85835
0.801723
0.74789
0.66575
0.569314
0.48078
0.414522
0.338965
0.272884
0.21621
0.168659
0.121896
0.0761942
0.0614272
0.0905249
0.151575
0.251731
0.398152
0.570794
0.724909
0.845184
0.930645
0.980365
0.99976
0.988829
0.947572
0.899601
0.821505
0.772759
0.702691
0.596872
0.511064
0.442223
0.366396
0.301532
0.236393
0.186737
0.139772
0.0943832
0.0620701
0.0736221
0.124165
0.206407
0.333334
0.49864
0.671228
0.797701
0.902266
0.964116
0.995641
0.996841
0.967714
0.920392
0.845314
0.791306
0.734838
0.641646
0.550799
0.466698
0.396758
0.328535
0.261481
0.207405
0.159592
0.112711
0.0697316
0.0637375
0.0995823
0.167596
0.275044
0.430487
0.603393
0.75002
0.863006
0.943015
0.986671
1
0.983003
0.935682
0.880511
0.808801
0.760633
0.685781
0.582156
0.496263
0.42966
0.351981
0.287247
0.225159
0.177719
0.131471
0.0844114
0.0608714
0.0811962
0.13738
0.228248
0.366884
0.535991
0.700073
0.822384
0.917062
0.972847
0.998306
0.993441
0.95825
0.911865
0.834205
0.782016
0.719744
0.616447
0.529409
0.455742
0.380222
0.315907
0.249435
0.196446
0.14967
0.102184
0.0650235
0.0678025
0.111199
0.18626
0.30128
0.464511
0.6375
0.774295
0.877274
0.954172
0.991762
0.999026
0.975965
0.922578
0.85835
0.801723
0.74789
0.66575
0.569314
0.48078
0.414522
0.338965
0.272884
0.21621
0.168659
0.121896
0.0761942
0.0614272
0.0905249
0.151575
0.251731
0.398152
0.570794
0.724909
0.845184
0.930645
0.980365
0.99976
0.988829
0.947572
0.899601
0.821505
0.772759
0.702691
0.596872
0.511064
0.442223
0.366396
0.301532
0.236393
0.186737
0.139772
0.0943832
0.0620701
0.0736221
0.124165
0.206407
0.333334
0.49864
0.671228
0.797701
0.902266
0.964116
0.995641
0.996841
0.967714
0.920392
0.845314
0.791306
0.734838
0.641646
0.550799
0.466698
0.396758
0.328535
0.261481
0.207405
0.159592
0.112711
0.0697316
0.0637375
0.0995823
0.167596
0.275044
0.430487
0.603393
0.75002
0.863006
0.943015
0.986671
1
0.983003
0.935682
0.880511
0.808801
0.760633
0.685781
0.582156
0.496263
0.42966
0.351981
0.287247
0.225159
0.177719
0.131471
0.0844114
