0.929634
1
0.933149
0.76917
0.571573
0.525157
0.500623
0.528473
0.421717
0.354083
0.201575
0.155516
0.13737
0.0928308
0.106755
0.131439
0.125755
0.166963
0.28135
0.422735
0.551332
0.559147
0.540675
0.611012
0.687034
0.749556
0.746004
0.845528
1
0.934522
0.74032
0.716163
0.620249
0.542096
0.57762
0.509414
0.354529
0.297691
0.241563
0.213105
0.139988
0.18125
0.230484
0.367501
0.469466
0.596923
0.683487
0.86539
1
0.978226
0.867238
0.831125
0.738719
0.801385
0.667555
0.531601
0.442913
0.315456
0.344134
0.315456
0.175253
0.0777625
0.0700269
0.0984349
0.104168
0.189187
0.401736
0.680155
0.914287
1
0.93601
0.82913
0.738749
0.638411
0.548796
0.507052
0.445394
0.375311
0.273824
0.23208
0.195315
0.15089
0.0968282
0.0638434
0.0619822
0.0991893
0.181104
0.330525
0.51805
0.720133
0.850288
0.949574
1
0.956313
0.915365
0.83145
0.830593
0.737687
0.632364
0.541598
0.484227
0.46068
0.443982
0.424716
0.393461
0.337803
0.297558
0.28086
0.268444
0.205079
0.160628
0.139221
0.12673
0.0830593
0.054802
0.0381045
0.0291136
0.0269729
0.0462392
0.156236
0.136396
0.181035
0.316192
0.502187
0.663382
0.797299
0.910136
0.937415
0.875417
0.891536
0.943615
0.936175
1
0.999058
0.863126
0.726621
0.618744
0.461268
0.336031
0.185492
0.131384
0.157476
0.167382
0.0976395
0.0240929
0.00126805
0.027897
0.054526
0.0773508
0.0925673
0.172454
0.253609
0.319548
0.295455
0.342372
0.523703
0.754487
0.991988
1
0.961681
0.951034
0.834374
0.722786
0.637827
0.536383
0.476785
0.49327
0.44762
0.332228
0.223199
0.136925
0.117928
0.128073
0.0551315
0.00848176
0.0135708
0.0873622
0.128923
0.120441
0.198473
0.242578
0.3257
0.4419
0.60475
0.692112
0.731976
0.862595
0.906701
0.913486
0.92112
0.981688
0.970958
1
0.868533
0.760814
0.601357
0.472434
0.341815
0.170483
0.131942
0.1034
0.125698
0.100685
0.219114
0.414294
0.642073
0.75555
0.946616
1
0.913242
0.833952
0.723777
0.599983
0.603285
0.564084
0.533961
0.428324
0.343319
0.271107
0.237683
0.166295
0.156804
0.128622
0.0828212
0.0779962
0.0977965
0.153669
0.23581
0.312413
0.360868
0.462852
0.49054
0.58191
0.843443
0.962792
0.973761
1
0.893401
0.750808
0.650669
0.582833
0.58791
0.559299
0.532533
0.498385
0.445778
0.388556
0.350254
0.275035
0.193355
0.170743
0.11306
0.0545293
0.030089
0.0352338
0.064414
0.141929
0.269665
0.400677
0.555707
0.742944
0.911622
0.974513
1
0.980692
0.940008
0.833015
0.720563
0.677439
0.596648
0.537693
0.455811
0.445985
0.483105
0.460724
0.385938
0.308423
0.251105
0.1856
0.0904121
0.0544965
0.0899924
0.144676
0.259121
0.366224
0.500536
0.607639
0.835229
1
0.981166
0.837393
0.74195
0.713447
0.732449
0.632255
0.487579
0.377453
0.3537
0.264735
0.183544
0.122651
0.0935518
0.0815817
0.0764407
0.0928517
0.143671
0.0897945
0.0481625
0.0334688
0.0571419
0.149385
0.269383
0.445707
0.592643
0.705295
0.809783
0.787742
0.816313
0.778763
0.844231
1
0.95618
0.7706
0.781212
0.69958
0.556726
0.373055
0.228568
0.171426
0.17714
0.13959
0.0916107
0.0772782
0.096325
0.0677479
0.0580696
0.0850305
0.190109
0.371231
0.577239
0.751448
0.844774
0.900079
0.973357
1
0.955335
0.866896
0.751448
0.72034
0.604892
0.512948
0.438287
0.36017
0.295878
0.299335
0.318
0.243339
0.163969
0.13048
0.122286
0.105078
0.0622174
0.0324913
0.0421696
0.0494767
0.0951475
0.195052
0.357755
0.497621
0.65176
0.789724
0.847764
1
0.978392
0.942693
0.989534
0.894386
0.885823
0.802093
0.775452
0.823026
0.646051
0.606089
0.476689
0.279734
0.203616
0.096099
0.0628316
0.0490965
0.0618459
0.0247068
0.014939
0.0316017
0.0626289
0.153987
0.333255
0.462535
0.561362
0.522865
0.606754
0.846686
1
0.919174
0.799812
0.722244
0.674554
0.592389
0.413121
0.352216
0.293034
0.261433
0.246494
0.162031
0.103437
0.0615573
0.0557828
0.0649272
0.180882
0.249975
0.350896
0.609411
0.787188
0.846188
0.899754
0.928478
0.885004
0.950067
1
0.901307
0.756911
0.812806
0.645898
0.434739
0.366423
0.292672
0.205725
0.171567
0.150606
0.108685
0.0716284
0.0583822
0.0861714
0.103102
0.170615
0.33024
0.498762
0.631696
0.792891
1
0.99642
0.953562
0.954086
0.899133
0.854647
0.746312
0.636929
0.589304
0.502949
0.446426
0.428632
0.318203
0.241792
0.175849
0.143924
0.0847906
0.0693437
0.106765
0.18541
0.266673
0.43527
0.633757
0.809359
0.980744
1
0.957407
0.894825
0.951803
0.87988
0.822436
0.740239
0.54362
0.478237
0.464693
0.392303
0.26247
0.196619
0.161592
0.102746
0.0595741
0.0290145
0.049823
0.0838202
0.201593
0.406015
0.638024
0.7802
0.872862
0.973659
1
0.956658
0.905046
0.847751
0.732454
0.625999
0.543947
0.419101
0.300975
0.25818
0.200532
0.176129
0.148896
0.142883
0.120956
0.0681147
0.0498288
0.0625999
0.146344
0.227934
0.374925
0.620342
0.754382
0.874177
0.940873
0.974202
1
0.985586
0.966127
0.971955
0.951881
0.770571
0.624875
0.607391
0.664374
0.601563
0.46817
0.360031
0.293982
0.312761
0.296573
0.202623
0.148365
0.136979
0.1185
0.127565
0.125816
0.207947
0.379633
0.553068
0.700727
0.873288
0.982626
1
0.94406
0.885957
0.891636
0.879841
0.786352
0.670584
0.558747
0.418951
0.391866
0.291824
0.19353
0.105897
0.0840689
0.0755772
0.0690243
0.0642188
0.1114
0.19191
0.327906
0.541614
0.779014
0.965712
1
0.962949
0.900794
0.937281
0.961447
0.932068
0.719309
0.565306
0.482856
0.372448
0.27673
0.235031
0.18812
0.159688
0.11562
0.0725047
0.0559246
0.0575343
0.102528
0.188248
0.327193
0.478464
0.573148
0.700327
0.843194
0.955807
0.975976
0.911546
0.917714
1
0.991103
0.870647
0.726099
0.569786
0.486867
0.397786
0.337278
0.298059
0.249877
0.201694
0.153611
0.128128
0.0991663
0.0554659
0.0369773
0.0268926
