0.12007
0.135582
0.126276
0.210459
0.350027
0.499934
0.581164
0.592979
0.571564
0.657224
0.751746
0.760608
0.838138
0.97154
0.996241
0.912235
0.719517
0.697839
0.612917
0.573041
0.588548
0.465965
0.335258
0.289474
0.235567
0.176832
0.107887
0.155401
0.238285
0.354743
0.424833
0.528796
0.636273
0.719701
0.88408
0.976971
0.99837
0.948275
0.826304
0.839855
0.759321
0.799051
0.702605
0.641545
0.527527
0.45568
0.339369
0.332584
0.34791
0.303689
0.172003
0.0829419
0.0695014
0.0578431
0.0734291
0.11494
0.186362
0.35317
0.577145
0.800154
0.940454
0.998047
0.972933
0.865109
0.797526
0.70171
0.627812
0.552305
0.508758
0.47045
0.410535
0.333337
0.27002
0.233238
0.200191
0.167205
0.124755
0.0837718
0.0616928
0.0719437
0.131068
0.252826
0.482855
0.736657
0.904701
0.987665
0.99241
0.918438
0.846081
0.794735
0.669136
0.547445
0.480684
0.452351
0.433788
0.397096
0.332831
0.294728
0.281376
0.207124
0.147418
0.138734
0.095963
0.0542777
0.042864
0.0246349
0.10977
0.156559
0.145701
0.162946
0.308046
0.505802
0.681879
0.816159
0.93154
0.913468
0.843773
0.885459
0.908667
0.988186
0.990648
0.911439
0.749527
0.622836
0.45912
0.319881
0.167943
0.132983
0.181131
0.137435
0.0561743
0.00856314
0.0150744
0.0522495
0.0654304
0.0918681
0.173153
0.270882
0.320173
0.285201
0.391217
0.686278
0.886495
0.987192
0.987477
0.888585
0.764682
0.679888
0.623239
0.5004
0.489988
0.474152
0.350365
0.239437
0.155705
0.117433
0.107609
0.0595459
0.00118369
0.0474043
0.0904735
0.139557
0.125787
0.211526
0.260254
0.363808
0.499991
0.646059
0.727063
0.760186
0.896055
0.925213
0.908943
0.960529
0.990863
0.999951
0.987746
0.900439
0.791179
0.630868
0.506502
0.372192
0.188996
0.145196
0.107425
0.0568657
0.0938236
0.16262
0.314612
0.49478
0.69609
0.822637
0.946624
0.998111
0.978569
0.886746
0.774024
0.698573
0.558701
0.608266
0.571589
0.534626
0.441373
0.347182
0.300327
0.251872
0.193933
0.175153
0.145745
0.118555
0.0822744
0.0873421
0.110933
0.183561
0.258928
0.333395
0.429551
0.488895
0.582086
0.823307
0.962383
0.998654
0.933014
0.818019
0.6728
0.592017
0.585371
0.557411
0.529591
0.488621
0.406339
0.383662
0.289896
0.20271
0.170142
0.104979
0.0456585
0.0284693
0.0508176
0.0966128
0.201638
0.339893
0.470669
0.635707
0.830324
0.944554
0.991084
0.997647
0.964239
0.887992
0.795846
0.70233
0.636251
0.599614
0.473786
0.455907
0.472112
0.484017
0.4295
0.346606
0.282961
0.201963
0.127003
0.0602815
0.0544275
0.120384
0.226203
0.344179
0.496836
0.594077
0.857904
0.986078
0.979467
0.838363
0.715093
0.734341
0.731433
0.586499
0.440841
0.373532
0.310169
0.230505
0.133251
0.100636
0.0868737
0.0777429
0.0930705
0.0762562
0.0463905
0.0242479
0.034527
0.0703131
0.175667
0.347163
0.492659
0.67362
0.758775
0.874917
0.820341
0.799266
0.837243
0.968187
0.997627
0.92557
0.751785
0.769989
0.664627
0.470359
0.338475
0.190057
0.174417
0.176892
0.110018
0.0816718
0.0891731
0.0898237
0.0735371
0.0743887
0.133007
0.32086
0.525226
0.715878
0.85182
0.901911
0.977208
0.999675
0.969358
0.886245
0.75792
0.719374
0.604042
0.504668
0.433293
0.347353
0.30602
0.297013
0.292861
0.237231
0.141215
0.131753
0.122916
0.0822223
0.0462256
0.0508902
0.0509023
0.0845503
0.180862
0.354685
0.512168
0.659569
0.804797
0.916566
0.962828
0.976526
0.957875
0.906561
0.963671
0.806449
0.780549
0.819659
0.668695
0.556318
0.447419
0.225882
0.166
0.0805667
0.0500608
0.0583174
0.0457783
0.0228051
0.0284615
0.0595153
0.121898
0.254996
0.44393
0.519515
0.553709
0.567776
0.702965
0.900732
0.992997
0.977876
0.856785
0.758982
0.739829
0.633676
0.54278
0.391827
0.333394
0.307099
0.266574
0.254022
0.172162
0.135695
0.0656292
0.0574843
0.0842716
0.13877
0.218138
0.301012
0.420729
0.709056
0.835248
0.865129
0.945093
0.945368
0.949986
0.99472
0.993343
0.945745
0.851526
0.860399
0.764403
0.602898
0.407074
0.35762
0.282749
0.197304
0.16672
0.160365
0.107686
0.0715589
0.0391234
0.0584036
0.0964163
0.155939
0.293773
0.466896
0.57343
0.767907
0.916697
0.990567
0.989993
0.914972
0.925823
0.878731
0.815195
0.730512
0.62051
0.582451
0.497933
0.444152
0.422129
0.334627
0.25422
0.178432
0.15607
0.102697
0.067708
0.0776729
0.13481
0.216326
0.320698
0.475294
0.666678
0.844636
0.955458
0.998882
0.975702
0.884589
0.976322
0.891658
0.894534
0.790978
0.680347
0.519959
0.475178
0.463438
0.396344
0.271952
0.205247
0.176909
0.125169
0.0775507
0.0391021
0.0238509
0.0484368
0.108628
0.243634
0.446643
0.676998
0.797979
0.9172
0.975691
0.999368
0.988367
0.942691
0.861971
0.779608
0.668449
0.594611
0.480605
0.366527
0.269468
0.248644
0.200716
0.163801
0.152766
0.142747
0.115322
0.0620711
0.0498716
0.1155
0.150928
0.253238
0.41935
0.655752
0.797692
0.875295
0.959449
0.992785
0.9991
0.978126
0.967541
0.968249
0.812168
0.63935
0.60796
0.666727
0.590928
0.4412
0.34658
0.295602
0.320226
0.257368
0.17036
0.148646
0.126591
0.0848759
0.0996539
0.152403
0.271092
0.409193
0.599112
0.724337
0.875166
0.966125
0.999509
0.97585
0.894286
0.895479
0.870653
0.842512
0.727382
0.588376
0.527803
0.388249
0.378966
0.287176
0.1967
0.105999
0.0901065
0.083867
