0.117901
0.118697
0.12007
0.122018
0.124545
0.127647
0.131326
0.135582
0.138829
0.130706
0.130706
0.130706
0.126276
0.134399
0.152122
0.173537
0.197167
0.210459
0.220798
0.255505
0.292428
0.316058
0.350027
0.38695
0.411319
0.43938
0.466703
0.499934
0.525779
0.546456
0.573041
0.575994
0.581164
0.595933
0.587071
0.581164
0.591502
0.592979
0.58781
0.573041
0.561964
0.565656
0.571564
0.59224
0.616609
0.635071
0.648363
0.657224
0.674209
0.691932
0.714085
0.734024
0.751746
0.762823
0.769469
0.779069
0.773162
0.760608
0.762823
0.70591
0.754331
0.798409
0.838138
0.87351
0.90454
0.931228
0.953559
0.97154
0.985179
0.994469
0.999409
1
0.996241
0.98814
0.975683
0.958883
0.937734
0.912235
0.882386
0.848189
0.809649
0.766759
0.719517
0.667928
0.759131
0.744362
0.717778
0.697839
0.680116
0.655747
0.644671
0.634332
0.612917
0.600363
0.580425
0.563441
0.556795
0.573041
0.590025
0.593717
0.600363
0.603317
0.588548
0.577471
0.55901
0.529472
0.502149
0.465965
0.429042
0.393596
0.368489
0.354458
0.335258
0.318274
0.311628
0.309412
0.303505
0.289474
0.276182
0.263628
0.251074
0.237044
0.235567
0.233352
0.228182
0.221496
0.196786
0.176832
0.161632
0.151188
0.1455
0.144566
0.107887
0.112989
0.120292
0.129795
0.141498
0.155401
0.171818
0.181289
0.195577
0.215247
0.238285
0.262006
0.288802
0.314574
0.336147
0.354743
0.372851
0.384712
0.389544
0.402576
0.424833
0.451776
0.474618
0.492189
0.509761
0.528796
0.549296
0.57126
0.600252
0.624559
0.636273
0.616523
0.58696
0.634442
0.678432
0.719701
0.758249
0.794077
0.827188
0.857186
0.88408
0.908252
0.929705
0.94844
0.964452
0.976971
0.986768
0.993844
0.9982
0.999837
0.99837
0.993791
0.986491
0.976472
0.963733
0.948275
0.92932
0.907646
0.883251
0.856138
0.826304
0.793362
0.767891
0.779332
0.811888
0.839855
0.838098
0.804274
0.780016
0.767521
0.759321
0.745508
0.733647
0.748339
0.776599
0.799051
0.806665
0.81018
0.783383
0.735404
0.702605
0.692794
0.692941
0.676687
0.658091
0.641545
0.623437
0.601424
0.577703
0.544757
0.527527
0.515276
0.501658
0.485551
0.477644
0.45568
0.428738
0.404089
0.383736
0.361333
0.339369
0.324579
0.314037
0.311108
0.320284
0.332584
0.338246
0.344249
0.349277
0.350985
0.34791
0.343078
0.335513
0.325946
0.315257
0.303689
0.287436
0.265716
0.236284
0.203143
0.172003
0.148721
0.124121
0.101677
0.0886064
0.0829419
0.0782079
0.0745364
0.0719282
0.0702497
0.0695014
0.0568117
0.0507816
0.0524524
0.0548063
0.0578431
0.0615629
0.065966
0.0710997
0.070976
0.0734291
0.0784239
0.0853794
0.0938082
0.103667
0.11494
0.127036
0.138546
0.149612
0.162829
0.186362
0.216532
0.246429
0.2776
0.313101
0.35317
0.394815
0.434243
0.475174
0.522323
0.577145
0.628546
0.676194
0.720678
0.761998
0.800154
0.835146
0.866496
0.894314
0.918965
0.940454
0.95878
0.973942
0.985237
0.993225
0.998047
0.999705
0.9982
0.993455
0.984777
0.972933
0.957923
0.93975
0.918413
0.893617
0.865109
0.833434
0.798595
0.780881
0.806112
0.797526
0.774804
0.75357
0.735887
0.719697
0.70171
0.688672
0.671479
0.653159
0.638227
0.627812
0.613501
0.591459
0.568471
0.555234
0.552305
0.551494
0.536547
0.520726
0.51134
0.508758
0.509715
0.508612
0.501616
0.488586
0.47045
0.454999
0.447016
0.442996
0.428049
0.410535
0.396201
0.385293
0.374422
0.357249
0.333337
0.311321
0.294489
0.282921
0.27479
0.27002
0.261784
0.252976
0.244999
0.23844
0.233238
0.231012
0.226344
0.218397
0.208719
0.200191
0.196352
0.189991
0.1816
0.174003
0.167205
0.160051
0.152101
0.144454
0.134931
0.124755
0.115395
0.107728
0.0997775
0.092399
0.0837718
0.0751563
0.0690645
0.067954
0.0643369
0.0616928
0.0599581
0.0591328
0.0487257
0.0678876
0.0719437
0.0783608
0.0871382
0.0982766
0.112169
0.131068
0.154692
0.170215
0.188995
0.216677
0.252826
0.303521
0.34119
0.376687
0.427817
0.482855
0.537567
0.601614
0.66436
0.705611
0.736657
0.768139
0.799945
0.849855
0.878783
0.904701
0.927611
0.947511
0.963905
0.977288
0.987665
0.995033
0.998889
0.999737
0.997579
0.99241
0.983733
0.972045
0.957351
0.939652
0.918438
0.894217
0.866987
0.867575
0.842282
0.846081
0.851835
0.848904
0.838374
0.817206
0.794735
0.76727
0.744256
0.72667
0.707782
0.669136
0.634181
0.599443
0.577081
0.563186
0.547445
0.535613
0.516941
0.502395
0.489368
0.480684
0.474605
0.470697
0.466246
0.460927
0.452351
0.447683
0.449528
0.445512
0.439215
0.433788
0.429445
0.420978
0.409254
0.400787
0.397096
0.381247
0.360513
0.349549
0.340973
0.332831
0.323061
0.308298
0.30135
0.297225
0.294728
0.293968
0.285175
0.290494
0.290929
0.281376
0.269652
0.256625
0.240342
0.220585
0.207124
0.203433
0.190623
0.164136
0.152955
0.147418
0.149047
0.151543
0.145356
0.144813
0.138734
0.136346
0.126359
0.116806
0.107578
0.095963
0.0810909
0.0703439
0.0648076
0.0577515
0.0542777
0.0492842
0.0472216
0.0425537
0.0392971
0.042864
0.0399998
0.0335912
0.0290259
0.0260405
0.0246349
0.0708386
0.0753768
0.0833782
0.0948425
0.10977
0.125855
0.14123
0.155939
0.160429
0.156559
0.15592
0.151055
0.142132
0.143785
0.145701
0.134524
0.120641
0.115325
0.131424
0.162946
0.19507
0.217819
0.233505
0.262904
0.308046
0.347195
0.380934
0.423859
0.475989
0.505802
0.528514
0.561351
0.599749
0.642242
0.681879
0.711711
0.744698
0.773741
0.794968
0.816159
0.841331
0.86641
0.889761
0.915478
0.93154
0.930845
0.93045
0.935147
0.933381
0.913468
0.895584
0.885196
0.875859
0.861413
0.843773
0.855289
0.882058
0.889479
0.88281
0.885459
0.913656
0.938828
0.936612
0.920193
0.908667
0.927198
0.947506
0.964333
0.977893
0.988186
0.995212
0.998971
0.999463
0.996689
0.990648
0.98134
0.968765
0.952924
0.933815
0.911439
0.885625
0.856501
0.82411
0.788452
0.749527
0.707336
0.661877
0.648926
0.641415
0.622836
0.597382
0.561614
0.520661
0.48371
0.45912
0.438737
0.410728
0.382287
0.352418
0.319881
0.283061
0.241958
0.205589
0.184193
0.167943
0.148387
0.140253
0.144668
0.139765
0.132983
0.13473
0.137905
0.148519
0.167192
0.181131
0.188269
0.183836
0.166196
0.149684
0.137435
0.123759
0.106834
0.0924627
0.0767579
0.0561743
0.0401386
0.0292324
0.0203345
0.0134447
0.00856314
0.00568976
0.00482459
0.00602473
0.00948246
0.0150744
0.0228003
0.0285755
0.0340997
0.0467685
0.0522495
0.053634
0.0550184
0.0560994
0.0540322
0.0654304
0.0768285
0.0794268
0.0894974
0.0942577
0.0918681
0.0982025
0.115423
0.134199
0.150888
0.173153
0.180095
0.197884
0.22948
0.247611
0.270882
0.293545
0.299918
0.310311
0.316512
0.320173
0.319186
0.309856
0.295613
0.28448
0.285201
0.288349
0.307693
0.344031
0.366486
0.391217
0.441134
0.499016
0.562417
0.604387
0.686278
0.73466
0.778549
0.818484
0.854465
0.886495
0.91457
0.938693
0.958861
0.975077
0.987192
0.995156
0.999165
0.999223
0.995326
0.987477
0.975675
0.959918
0.940209
0.916547
0.888585
0.85667
0.839993
0.85636
0.838324
0.764682
0.69011
0.705662
0.734869
0.711655
0.679888
0.661131
0.654133
0.638638
0.627392
0.623239
0.606018
0.573625
0.529019
0.499585
0.5004
0.494426
0.478362
0.475423
0.490007
0.489988
0.482762
0.486764
0.48758
0.493402
0.474152
0.447923
0.437473
0.418679
0.387025
0.350365
0.329181
0.309856
0.290625
0.275946
0.239437
0.208239
0.176321
0.148954
0.148499
0.155705
0.145369
0.116978
0.0988663
0.107685
0.117433
0.120847
0.127333
0.131999
0.127466
0.107609
0.0861974
0.082613
0.0822906
0.0773448
0.0595459
0.0368316
0.0196905
0.0081227
0.00212815
0.00118369
0.0043405
0.0105409
0.0197851
0.0320729
0.0474043
0.0657794
0.0743859
0.086883
0.0907891
0.0904735
0.0909272
0.100614
0.123735
0.142595
0.139557
0.121605
0.109452
0.116515
0.125235
0.125787
0.134073
0.156247
0.185879
0.208645
0.211526
0.206949
0.215175
0.235002
0.251219
0.260254
0.273512
0.294345
0.316401
0.339246
0.363808
0.382964
0.395215
0.420013
0.45728
0.499991
0.536607
0.563871
0.593463
0.618913
0.646059
0.671548
0.678393
0.681175
0.705263
0.727063
0.736592
0.731442
0.727951
0.744187
0.760186
0.773345
0.79769
0.836594
0.871848
0.896055
0.912685
0.917874
0.919985
0.925173
0.925213
0.915349
0.905485
0.914204
0.9175
0.908943
0.920961
0.93213
0.942446
0.951912
0.960529
0.968294
0.975209
0.981281
0.986495
0.990863
0.994378
0.997047
0.998864
0.999834
0.999951
0.999216
0.997634
0.9952
0.9919
0.987746
0.982748
0.976896
0.970191
0.96264
0.900439
0.873959
0.873407
0.864726
0.83397
0.791179
0.740103
0.695537
0.677703
0.662631
0.630868
0.606721
0.599698
0.586638
0.551876
0.506502
0.467755
0.43552
0.409656
0.393972
0.372192
0.331513
0.285566
0.248733
0.217681
0.188996
0.172957
0.168597
0.167847
0.159559
0.145196
0.133668
0.124128
0.116574
0.111006
0.107425
0.103417
0.051277
0.0523483
0.0542113
0.0568657
0.0603116
0.0645491
0.0739213
0.0875319
0.0938236
0.0962425
0.101861
0.120749
0.144259
0.16262
0.180727
0.20418
0.2352
0.273566
0.314612
0.350946
0.380285
0.412416
0.452547
0.49478
0.536543
0.5771
0.616767
0.657889
0.69609
0.723435
0.723246
0.753203
0.789334
0.822637
0.853112
0.88076
0.905579
0.927569
0.946624
0.962578
0.975702
0.986
0.993469
0.998111
0.999926
0.998911
0.995067
0.988394
0.978569
0.96586
0.950324
0.93196
0.910767
0.886746
0.859898
0.830221
0.797714
0.762219
0.774024
0.762766
0.743351
0.721194
0.706325
0.698573
0.681805
0.647845
0.609263
0.577049
0.558701
0.560504
0.581747
0.603505
0.611701
0.608266
0.6012
0.590731
0.580617
0.573995
0.571589
0.574516
0.57809
0.575912
0.562078
0.534626
0.501154
0.476432
0.463125
0.455843
0.441373
0.416156
0.388665
0.366927
0.352984
0.347182
0.348426
0.342433
0.330268
0.316339
0.300327
0.284099
0.269522
0.259186
0.254996
0.251872
0.247377
0.242159
0.228978
0.210275
0.193933
0.182835
0.174734
0.168296
0.16742
0.175153
0.175153
0.168423
0.161515
0.153782
0.145745
0.138831
0.133898
0.131064
0.129846
0.118555
0.108676
0.100109
0.0928527
0.0869078
0.0822744
0.0789523
0.0769414
0.0680906
0.0842026
0.0873421
0.0927749
0.0977227
0.100611
0.10668
0.110933
0.111559
0.119809
0.13705
0.158957
0.183561
0.207969
0.225199
0.233511
0.244008
0.258928
0.27716
0.299537
0.313678
0.322255
0.333395
0.343019
0.358454
0.376205
0.394434
0.429551
0.45447
0.465478
0.475818
0.483132
0.488895
0.487682
0.48813
0.499868
0.527256
0.582086
0.63859
0.691052
0.739405
0.783376
0.823307
0.859202
0.891057
0.918871
0.942649
0.962383
0.977909
0.989155
0.996361
0.999526
0.998654
0.99374
0.984789
0.971797
0.954497
0.933014
0.911556
0.89635
0.878637
0.860131
0.818019
0.768271
0.74397
0.713986
0.688681
0.6728
0.653456
0.643495
0.639829
0.62255
0.592017
0.581211
0.5847
0.583208
0.585458
0.585371
0.581517
0.57854
0.568972
0.55962
0.557411
0.55923
0.54824
0.530335
0.529671
0.529591
0.520778
0.516326
0.505204
0.490394
0.488621
0.482381
0.462285
0.441682
0.422939
0.406339
0.392827
0.387078
0.390688
0.394082
0.383662
0.363121
0.343826
0.324133
0.305881
0.289896
0.276141
0.26402
0.245222
0.220824
0.20271
0.187685
0.180834
0.179171
0.175238
0.170142
0.159775
0.145108
0.131853
0.118488
0.104979
0.0930845
0.081948
0.0631799
0.0535379
0.0456585
0.0392594
0.034341
0.0309032
0.028946
0.0284693
0.0349433
0.0375831
0.0416398
0.0470423
0.0508176
0.057275
0.0605902
0.0650065
0.0799458
0.0966128
0.108719
0.122059
0.144387
0.17566
0.201638
0.224795
0.248794
0.273299
0.30785
0.339893
0.357059
0.376629
0.404685
0.436325
0.470669
0.507615
0.536612
0.560552
0.594554
0.635707
0.672505
0.709137
0.750422
0.789232
0.830324
0.878548
0.897445
0.914745
0.930449
0.944554
0.957057
0.967961
0.97727
0.984977
0.991084
0.995595
0.998504
0.999818
0.999531
0.997647
0.994165
0.989082
0.9824
0.974118
0.964239
0.952763
0.939688
0.925013
0.908739
0.887992
0.867462
0.846115
0.818327
0.801614
0.795846
0.778032
0.740517
0.710461
0.703529
0.70233
0.694738
0.682013
0.66627
0.651978
0.636251
0.614821
0.599074
0.598727
0.604022
0.599614
0.581277
0.550013
0.521256
0.496098
0.473786
0.462257
0.456385
0.457358
0.458843
0.455907
0.453004
0.447058
0.445829
0.458212
0.472112
0.480025
0.481703
0.486103
0.490115
0.484017
0.475931
0.462839
0.448452
0.440988
0.4295
0.408978
0.388678
0.376435
0.366015
0.346606
0.325218
0.30978
0.301063
0.293851
0.282961
0.269073
0.252422
0.237351
0.219138
0.201963
0.193374
0.185696
0.174497
0.156387
0.127003
0.106882
0.0908638
0.0777784
0.067584
0.0602815
0.0558695
0.0543495
0.044447
0.0481635
0.0544275
0.0632389
0.0745972
0.088043
0.103254
0.120384
0.137172
0.153973
0.172918
0.197114
0.226203
0.254885
0.281869
0.310551
0.333667
0.344179
0.3724
0.419567
0.451985
0.476286
0.496836
0.505086
0.515677
0.533188
0.548449
0.594077
0.657602
0.715746
0.768511
0.815897
0.857904
0.894531
0.925489
0.951063
0.971258
0.986078
0.995514
0.999572
0.99825
0.991549
0.979467
0.962006
0.939165
0.910944
0.877343
0.838363
0.794004
0.744265
0.779166
0.743182
0.715093
0.711593
0.715198
0.713777
0.722895
0.734341
0.737657
0.737906
0.736986
0.735446
0.731433
0.709317
0.671465
0.637521
0.616523
0.586499
0.547726
0.512914
0.485758
0.465629
0.440841
0.410542
0.386846
0.377808
0.375374
0.373532
0.367269
0.357612
0.34564
0.330838
0.310169
0.282566
0.265713
0.259726
0.247477
0.230505
0.205073
0.175971
0.156302
0.143342
0.133251
0.125515
0.121792
0.11916
0.111069
0.100636
0.091268
0.0846633
0.0838213
0.0845976
0.0868737
0.084466
0.0831503
0.085137
0.0828346
0.0777429
0.0818215
0.0912285
0.0952282
0.0929915
0.0930705
0.0929784
0.0921232
0.0916232
0.0831503
0.0762562
0.0737564
0.0665729
0.0571527
0.0506533
0.0463905
0.0417199
0.0361809
0.0311156
0.0277141
0.0242479
0.0208739
0.0185424
0.0172537
0.0170075
0.034527
0.0379681
0.0432673
0.0504245
0.0594398
0.0703131
0.0832019
0.100795
0.130404
0.156608
0.175667
0.197724
0.226875
0.253512
0.289998
0.347163
0.394888
0.422009
0.445023
0.466264
0.492659
0.528188
0.564125
0.593722
0.628728
0.67362
0.696494
0.69754
0.711956
0.738198
0.758775
0.773765
0.790745
0.817981
0.85476
0.874917
0.861343
0.832665
0.815723
0.812011
0.820341
0.834872
0.844044
0.843445
0.823454
0.799266
0.773522
0.735876
0.756449
0.798877
0.837243
0.871549
0.901797
0.927991
0.95012
0.968187
0.982195
0.992143
0.998031
0.999859
0.997627
0.991336
0.980984
0.966573
0.948102
0.92557
0.898988
0.868277
0.833505
0.794675
0.751785
0.715594
0.80118
0.803987
0.78679
0.769989
0.759311
0.740519
0.715298
0.682742
0.664627
0.655556
0.617603
0.560132
0.508478
0.470359
0.440354
0.409469
0.377206
0.356182
0.338475
0.312017
0.267392
0.224387
0.202253
0.190057
0.183628
0.179941
0.172325
0.168817
0.174417
0.181625
0.183475
0.181765
0.18151
0.176892
0.165793
0.150357
0.129511
0.114662
0.110018
0.108883
0.104507
0.0919286
0.0832792
0.0816718
0.0803961
0.078036
0.0748084
0.0767986
0.0891731
0.0994937
0.0996085
0.0942632
0.0882801
0.0898237
0.0885607
0.0868341
0.0808035
0.0762083
0.0735371
0.0727897
0.0613307
0.0640176
0.0683703
0.0743887
0.0820722
0.091422
0.102437
0.115124
0.133007
0.165301
0.209443
0.252321
0.285922
0.32086
0.358507
0.39077
0.4261
0.475394
0.525226
0.570817
0.614684
0.65094
0.676268
0.715878
0.755455
0.771443
0.792774
0.827173
0.85182
0.85375
0.8617
0.878238
0.889964
0.901911
0.921236
0.938395
0.953446
0.966382
0.977208
0.985923
0.992528
0.997022
0.999406
0.999675
0.997836
0.993884
0.987819
0.979644
0.969358
0.956962
0.942455
0.925838
0.907104
0.886245
0.863222
0.838082
0.810831
0.781884
0.75792
0.752192
0.744221
0.738853
0.735198
0.719374
0.702671
0.687767
0.659048
0.625071
0.604042
0.585727
0.565539
0.547181
0.524496
0.504668
0.493841
0.485733
0.462425
0.444019
0.433293
0.410678
0.383641
0.37219
0.362326
0.347353
0.325398
0.307982
0.30036
0.301281
0.30602
0.301619
0.301535
0.304613
0.300265
0.297013
0.29797
0.311621
0.320638
0.31079
0.292861
0.270356
0.256346
0.247206
0.237305
0.237231
0.22622
0.199574
0.175604
0.153623
0.141215
0.135778
0.132996
0.130394
0.128247
0.131753
0.129252
0.124222
0.123148
0.123571
0.122916
0.118632
0.110243
0.100009
0.0913087
0.0822223
0.0715915
0.0643138
0.0579777
0.0520223
0.0462256
0.0385724
0.033183
0.0321411
0.054924
0.0508902
0.0482018
0.0468588
0.0468612
0.0482091
0.0509023
0.054941
0.0603252
0.0670548
0.0751298
0.0845503
0.0967321
0.111159
0.132279
0.157309
0.180862
0.215279
0.244133
0.263949
0.29993
0.354685
0.404398
0.426386
0.450374
0.479837
0.512168
0.547801
0.583782
0.620111
0.648618
0.659569
0.66235
0.683556
0.744829
0.795411
0.804797
0.810707
0.826525
0.868995
0.903403
0.916566
0.928438
0.93902
0.948312
0.956214
0.962828
0.968144
0.972177
0.974915
0.976365
0.976526
0.9754
0.972978
0.969265
0.964264
0.957875
0.950191
0.941219
0.930957
0.919405
0.906561
0.899498
0.936207
0.987832
0.999652
0.963671
0.883626
0.816009
0.801669
0.80445
0.806449
0.815314
0.838954
0.833391
0.800539
0.780549
0.785851
0.808969
0.840779
0.841561
0.819659
0.798192
0.76169
0.691292
0.653051
0.668695
0.687815
0.678776
0.645489
0.600643
0.556318
0.532331
0.512428
0.488962
0.468625
0.447419
0.402573
0.334782
0.281071
0.248305
0.225882
0.221971
0.214323
0.198505
0.184426
0.166
0.130888
0.100904
0.093951
0.0889101
0.0805667
0.0717017
0.0602294
0.051886
0.0511038
0.0500608
0.0493655
0.0531896
0.0537111
0.0544064
0.0583174
0.0620546
0.0601425
0.0538849
0.047975
0.0457783
0.0419676
0.0336012
0.0276187
0.02402
0.0228051
0.0149246
0.0167677
0.0196383
0.0235362
0.0284615
0.0344142
0.0413943
0.0476206
0.0526981
0.0595153
0.0656833
0.073799
0.0867841
0.10123
0.121898
0.148247
0.173135
0.194236
0.218692
0.254996
0.301851
0.348868
0.385659
0.416499
0.44393
0.460594
0.473904
0.487214
0.501552
0.519515
0.543158
0.56783
0.580761
0.573728
0.553709
0.538559
0.533474
0.538343
0.551004
0.567776
0.554905
0.532252
0.593376
0.650278
0.702965
0.750956
0.79473
0.834283
0.869618
0.900732
0.927625
0.950296
0.968747
0.982981
0.992997
0.998786
0.99989
0.996772
0.989436
0.977876
0.962096
0.942099
0.917882
0.889444
0.856785
0.819903
0.778805
0.733016
0.761574
0.758982
0.750704
0.762066
0.775322
0.766016
0.739829
0.718187
0.69595
0.668357
0.643469
0.633676
0.625127
0.616849
0.606136
0.582601
0.54278
0.497115
0.457619
0.425372
0.399943
0.391827
0.384685
0.377652
0.368724
0.354765
0.333394
0.313916
0.307911
0.308884
0.303853
0.307099
0.314133
0.30948
0.29314
0.276854
0.266574
0.257647
0.247908
0.245149
0.253373
0.254022
0.241037
0.225347
0.203813
0.185093
0.172162
0.16199
0.153063
0.146245
0.141538
0.135695
0.122115
0.093439
0.0723382
0.0668195
0.0656292
0.0671026
0.0655685
0.0619611
0.0592664
0.0574843
0.0566147
0.0514201
0.0774793
0.0802167
0.0842716
0.0896452
0.0963364
0.104346
0.113674
0.13877
0.163543
0.178628
0.192162
0.205695
0.218138
0.228421
0.241421
0.259539
0.278456
0.301012
0.324296
0.34285
0.358372
0.383305
0.420729
0.462081
0.515657
0.585823
0.654777
0.709056
0.749875
0.773838
0.790621
0.814293
0.835248
0.854797
0.867578
0.86981
0.871968
0.865129
0.859453
0.869203
0.885744
0.910944
0.945093
0.966364
0.964714
0.959573
0.957244
0.945368
0.880819
0.900958
0.919191
0.93551
0.949986
0.962619
0.973409
0.982357
0.989462
0.99472
0.998131
0.9997
0.999427
0.997308
0.993343
0.987539
0.979886
0.970391
0.959053
0.945745
0.930587
0.913586
0.894748
0.874058
0.851526
0.827154
0.804555
0.813978
0.848078
0.860399
0.849631
0.834593
0.81895
0.798698
0.764403
0.716284
0.670347
0.645536
0.631808
0.602898
0.545586
0.477215
0.430745
0.413089
0.407074
0.399313
0.387816
0.375447
0.36657
0.35762
0.343699
0.32415
0.303098
0.28908
0.282749
0.267179
0.24244
0.219957
0.203343
0.197304
0.197328
0.193738
0.184886
0.174481
0.16672
0.16022
0.15178
0.149063
0.155078
0.160365
0.1568
0.145983
0.130461
0.116587
0.107686
0.108188
0.103802
0.0909356
0.0801879
0.0715589
0.0650484
0.0606562
0.0583826
0.0545796
0.0391234
0.0418937
0.0460648
0.0516366
0.0586091
0.0584036
0.0605834
0.0671414
0.0765214
0.086323
0.0964163
0.10552
0.110904
0.118061
0.135434
0.155939
0.172827
0.193999
0.223818
0.258796
0.293773
0.324601
0.357746
0.394087
0.433306
0.466896
0.488884
0.504649
0.525324
0.553586
0.57343
0.594948
0.642655
0.687382
0.729133
0.767907
0.8037
0.836517
0.866308
0.89299
0.916697
0.937427
0.955181
0.969954
0.98175
0.990567
0.996408
0.999272
0.999156
0.996062
0.989993
0.980945
0.968919
0.953913
0.935931
0.914972
0.893045
0.928796
0.946964
0.944304
0.925823
0.904336
0.895256
0.893758
0.892497
0.878731
0.854221
0.842267
0.846701
0.841558
0.815195
0.781309
0.755897
0.741851
0.741062
0.730512
0.691593
0.663642
0.646388
0.635191
0.62051
0.596316
0.577694
0.57568
0.582234
0.582451
0.570789
0.551245
0.530463
0.512673
0.497933
0.488198
0.472434
0.457556
0.454005
0.444152
0.426259
0.410703
0.407546
0.411633
0.422129
0.431765
0.42354
0.396637
0.364903
0.334627
0.305857
0.284661
0.274399
0.266737
0.25422
0.238219
0.220295
0.199643
0.183878
0.178432
0.175271
0.173143
0.170786
0.165453
0.15607
0.146749
0.140581
0.130886
0.116216
0.102697
0.0913516
0.0821799
0.075182
0.0703582
0.067708
0.0635762
0.0618059
0.0652776
0.0705669
0.0776729
0.086596
0.0930262
0.102157
0.117123
0.13481
0.153352
0.172361
0.185966
0.194518
0.216326
0.241632
0.254693
0.2634
0.285946
0.320698
0.354867
0.384216
0.412709
0.440814
0.475294
0.521047
0.562952
0.592028
0.625941
0.666678
0.707596
0.745853
0.781445
0.814371
0.844636
0.872235
0.897171
0.919441
0.938781
0.955458
0.96947
0.98082
0.989504
0.995524
0.998882
0.999574
0.997602
0.992965
0.985665
0.975702
0.96281
0.947251
0.929029
0.908141
0.884589
0.883578
0.89745
0.912416
0.942853
0.976322
0.97846
0.950666
0.922017
0.90503
0.891658
0.882251
0.879024
0.884661
0.893601
0.894534
0.880462
0.852552
0.819627
0.79953
0.790978
0.78126
0.764428
0.746041
0.718131
0.680347
0.639453
0.599881
0.564662
0.539473
0.519959
0.497724
0.478909
0.472923
0.476266
0.475178
0.465498
0.460406
0.463866
0.466315
0.463438
0.460095
0.452593
0.438482
0.420523
0.396344
0.361398
0.323886
0.296597
0.282914
0.271952
0.254693
0.235801
0.221962
0.211661
0.205247
0.197123
0.189387
0.185189
0.182079
0.176909
0.167696
0.154402
0.140874
0.131778
0.125169
0.115451
0.102623
0.0876575
0.0792999
0.0775507
0.0736544
0.0646119
0.0543983
0.0458951
0.0391021
0.0340192
0.0306466
0.0265649
0.0223188
0.0238509
0.0267933
0.0311461
0.0369092
0.0440828
0.0484368
0.0576051
0.0687979
0.0795126
0.0922322
0.108628
0.130174
0.157547
0.185768
0.211007
0.243634
0.286996
0.329395
0.370825
0.409223
0.446643
0.491768
0.542709
0.58971
0.632556
0.676998
0.720194
0.749616
0.764001
0.778158
0.797979
0.817729
0.842006
0.866505
0.880256
0.9172
0.931726
0.944841
0.956512
0.966796
0.975691
0.983201
0.989323
0.994058
0.997406
0.999368
0.999942
0.999129
0.99693
0.993343
0.988367
0.982005
0.974257
0.965121
0.9546
0.942691
0.929359
0.914592
0.898439
0.880899
0.861971
0.858895
0.845869
0.827042
0.803746
0.779608
0.756753
0.732218
0.709411
0.689598
0.668449
0.650869
0.632469
0.616426
0.607176
0.594611
0.579745
0.555203
0.525955
0.502591
0.480605
0.455961
0.433587
0.415363
0.393779
0.366527
0.340773
0.319517
0.299142
0.28056
0.269468
0.266759
0.266126
0.261711
0.257297
0.248644
0.232754
0.216402
0.20575
0.20183
0.200716
0.197706
0.191748
0.183573
0.173785
0.163801
0.156501
0.153548
0.152372
0.151272
0.152766
0.152549
0.149166
0.147468
0.145124
0.142747
0.14037
0.138791
0.135455
0.126816
0.115322
0.105147
0.0966605
0.086989
0.073771
0.0620711
0.0587152
0.0560985
0.054221
0.0530828
0.0498716
0.095965
0.0983321
0.102377
0.108099
0.1155
0.124578
0.133581
0.139246
0.144005
0.150928
0.159975
0.1774
0.201788
0.224189
0.253238
0.287755
0.318455
0.346836
0.379031
0.41935
0.475657
0.537453
0.594508
0.630971
0.655752
0.679196
0.709445
0.744551
0.771043
0.797692
0.83335
0.862084
0.875517
0.875536
0.875295
0.91332
0.926472
0.938546
0.949537
0.959449
0.968276
0.976023
0.982692
0.988281
0.992785
0.99621
0.998552
0.999816
0.999997
0.9991
0.99709
0.993967
0.989767
0.984489
0.978126
0.970681
0.962157
0.952551
0.955808
0.967541
0.972772
0.975093
0.975486
0.972831
0.968249
0.954894
0.928107
0.891211
0.857521
0.812168
0.764159
0.731315
0.703249
0.669933
0.63935
0.61923
0.606249
0.596455
0.601883
0.60796
0.613743
0.635869
0.65058
0.655202
0.666727
0.674299
0.665763
0.642536
0.618955
0.590928
0.565656
0.54882
0.521581
0.48317
0.4412
0.412781
0.396968
0.378068
0.361763
0.34658
0.332655
0.316135
0.30103
0.294029
0.295602
0.309172
0.31702
0.314148
0.317374
0.320226
0.316941
0.30929
0.299319
0.282936
0.257368
0.234928
0.213943
0.205682
0.194865
0.17036
0.155294
0.147545
0.138675
0.142317
0.148646
0.142448
0.137144
0.132732
0.129215
0.126591
0.12486
0.124023
0.0833107
0.0838661
0.0848759
0.0863395
0.0861119
0.0858478
0.090364
0.0996539
0.109327
0.118075
0.128778
0.141046
0.152403
0.164532
0.179434
0.203745
0.235583
0.271092
0.307063
0.338267
0.36477
0.386889
0.409193
0.441672
0.481968
0.517411
0.553197
0.599112
0.636985
0.663943
0.681077
0.694276
0.724337
0.760938
0.792919
0.822616
0.850031
0.875166
0.898019
0.918591
0.936799
0.952605
0.966125
0.977367
0.986325
0.993001
0.997396
0.999509
0.999341
0.996891
0.992159
0.985144
0.97585
0.96423
0.950166
0.933821
0.915194
0.894286
0.871097
0.865599
0.874958
0.88642
0.895479
0.894805
0.887305
0.87468
0.865014
0.870653
0.881468
0.878939
0.861251
0.848976
0.842512
0.827254
0.801827
0.775244
0.749402
0.727382
0.713681
0.703249
0.671028
0.623377
0.588376
0.574682
0.569955
0.562335
0.548905
0.527803
0.500706
0.474797
0.448571
0.414766
0.388249
0.387444
0.398127
0.400656
0.393624
0.378966
0.360043
0.340558
0.321814
0.30359
0.287176
0.275172
0.267078
0.252849
0.22828
0.1967
0.167734
0.143991
0.125503
0.113737
0.105999
0.0989606
0.0939294
0.0929456
0.0927013
0.0901065
0.0866401
0.0854318
0.0862043
0.0859204
0.083867
0.077885
0.0698429
0.064158
0.0656593
0.0680897
0.0646348
0.0623122
0.0611224
0.0563573
0.0682424
0.0707367
0.0744299
0.0793223
0.0854142
0.0927053
0.101196
0.110886
0.12253
0.136001
0.146051
0.156493
0.17172
0.19008
0.210528
0.234152
0.254774
0.27631
0.305894
0.341222
0.374983
0.409832
0.445072
0.481617
0.535783
0.596431
0.653338
0.70163
0.736
0.786127
0.85417
0.875019
0.894286
0.911967
0.927886
0.942223
0.954978
0.966148
0.975736
0.983739
0.990158
0.994993
0.998244
0.999913
1
0.998325
0.995068
0.990226
0.983801
0.975791
0.966198
0.955023
0.942265
0.927921
0.911991
0.89448
0.875211
0.933282
0.964018
0.975417
0.976896
0.975591
0.973763
0.970892
0.971153
0.973807
0.972937
0.962495
0.945006
0.922904
0.890709
0.848856
0.800999
0.754795
0.718902
0.695322
0.677875
0.656122
0.618707
0.578942
0.549009
0.528604
0.514595
0.504806
0.495583
0.484271
0.471828
0.454295
0.431672
0.405568
0.38103
0.368848
0.357276
0.338394
0.31577
0.294104
0.275179
0.261518
0.250685
0.240243
0.236763
0.237198
0.234239
0.22606
0.212399
0.198694
0.191211
0.189602
0.187948
0.184729
0.179943
0.171242
0.162932
0.155362
0.145225
0.135218
0.127605
0.12134
0.113639
0.102675
0.0900585
0.0813572
0.0790144
0.0742365
0.0697222
0.0658093
0.0624976
0.0597869
0.0576775
0.0561693
0.0552623
0.0499338