0.901147
0.90828
0.915565
0.923768
0.932905
0.944425
0.9558
0.966974
0.976422
0.984533
0.990491
0.995545
0.99801
1
0.998973
0.997515
0.993385
0.988435
0.981241
0.972798
0.962548
0.950615
0.9373
0.921872
0.905493
0.886576
0.86714
0.844729
0.823607
0.813332
0.800688
0.781072
0.76258
0.745817
0.729626
0.713933
0.690282
0.66282
0.635648
0.608541
0.588949
0.569971
0.553564
0.537158
0.520752
0.507871
0.500738
0.501597
0.5098
0.517059
0.523836
0.525745
0.526458
0.523469
0.520561
0.520917
0.520149
0.515511
0.510222
0.503802
0.503892
0.510312
0.517888
0.526091
0.528668
0.529738
0.53114
0.532315
0.530175
0.526227
0.515526
0.50445
0.49268
0.481261
0.470205
0.461183
0.453337
0.439135
0.423085
0.411281
0.40065
0.403147
0.404167
0.399173
0.392613
0.382983
0.371815
0.358976
0.342379
0.323475
0.305115
0.286925
0.268735
0.250605
0.233842
0.218319
0.208333
0.199964
0.19497
0.191469
0.189685
0.184446
0.176956
0.166538
0.155124
0.149091
0.143842
0.142058
0.140154
0.137658
0.136598
0.138738
0.146046
0.159654
0.160487
0.1525
0.145222
0.138203
0.13203
0.125994
0.120912
0.115981
0.111868
0.108043
0.104899
0.102178
0.100003
0.0983879
0.0971816
0.0966714
0.0964343
0.051852
0.104494
0.107952
0.113098
0.110604
0.111755
0.119975
0.131497
0.135296
0.134466
0.132221
0.125451
0.125419
0.124782
0.122836
0.132659
0.150723
0.171923
0.192488
0.205173
0.221593
0.255704
0.288177
0.314341
0.347968
0.380051
0.404995
0.432312
0.460727
0.490165
0.513675
0.534915
0.551457
0.555807
0.56345
0.567767
0.561575
0.562579
0.568002
0.565485
0.556084
0.544866
0.541788
0.548003
0.561946
0.583435
0.603354
0.617933
0.629382
0.642795
0.660374
0.679968
0.699893
0.716954
0.729391
0.737873
0.743606
0.741746
0.734318
0.733154
0.738775
0.74657
0.759786
0.775972
0.791717
0.813845
0.847527
0.889813
0.929911
0.960965
0.982975
0.995939
0.999859
0.994734
0.980563
0.957346
0.925086
0.883781
0.839918
0.798413
0.762321
0.733221
0.71088
0.703259
0.714158
0.719894
0.705525
0.683798
0.66453
0.644147
0.626975
0.615162
0.599908
0.584243
0.567674
0.550318
0.538727
0.543214
0.557797
0.567193
0.573248
0.577492
0.570521
0.559205
0.543872
0.519562
0.492617
0.460369
0.424972
0.389977
0.362221
0.344905
0.327399
0.31036
0.301098
0.297616
0.292666
0.280895
0.2679
0.25551
0.24327
0.229857
0.226405
0.224272
0.219636
0.213317
0.19117
0.171334
0.156139
0.145647
0.13986
0.138775
0.106122
0.110693
0.117847
0.127157
0.138622
0.152243
0.168327
0.177605
0.191603
0.210874
0.233443
0.256682
0.282934
0.308181
0.329316
0.347534
0.365274
0.376894
0.381629
0.394396
0.4162
0.442594
0.464973
0.482187
0.499402
0.51805
0.538133
0.559651
0.588055
0.611868
0.623343
0.628555
0.637019
0.658537
0.673599
0.679959
0.695548
0.724094
0.760936
0.80676
0.844765
0.87841
0.908111
0.933869
0.955689
0.972438
0.985241
0.994103
0.999023
1
0.996472
0.988436
0.976458
0.960537
0.941616
0.922056
0.900969
0.890593
0.874431
0.842584
0.794673
0.75594
0.746282
0.763495
0.79539
0.822789
0.821067
0.78793
0.764165
0.751924
0.743891
0.730358
0.718739
0.733131
0.760817
0.782814
0.790273
0.793716
0.767464
0.72046
0.688327
0.678716
0.678859
0.662936
0.644718
0.628507
0.610767
0.589202
0.565963
0.533686
0.516807
0.504805
0.491464
0.475684
0.467938
0.44642
0.420026
0.395877
0.375938
0.35399
0.332472
0.317984
0.307655
0.304786
0.313776
0.325826
0.331372
0.337254
0.342179
0.343853
0.340841
0.336107
0.328695
0.319322
0.30885
0.297518
0.281594
0.260316
0.231483
0.199015
0.168507
0.145699
0.121599
0.0996104
0.0868058
0.0812565
0.0766186
0.0730217
0.0704665
0.0688221
0.0680891
0.0556572
0.0505182
0.0521817
0.0545056
0.0574987
0.0611611
0.0654928
0.0705393
0.0706152
0.0729206
0.0777179
0.0844668
0.0926887
0.102315
0.113327
0.125195
0.136616
0.147589
0.160395
0.182385
0.211322
0.240875
0.271468
0.305866
0.344703
0.385558
0.42487
0.464602
0.507955
0.557073
0.610821
0.65806
0.698358
0.733474
0.772407
0.826733
0.866752
0.897243
0.923773
0.946459
0.965301
0.980299
0.990853
0.99718
0.999609
0.998196
0.992937
0.983777
0.970121
0.952295
0.930654
0.908585
0.891865
0.881531
0.866972
0.847564
0.829051
0.814363
0.804959
0.797097
0.780737
0.759122
0.740084
0.723425
0.706493
0.691308
0.676305
0.658762
0.64236
0.62983
0.617668
0.599868
0.577665
0.559451
0.551044
0.549094
0.542114
0.526981
0.514076
0.50763
0.506521
0.506643
0.503245
0.494018
0.479229
0.462316
0.449763
0.443285
0.435528
0.4199
0.403663
0.390621
0.379862
0.367183
0.348196
0.325145
0.304893
0.289743
0.279255
0.272113
0.266515
0.258242
0.249746
0.242202
0.236034
0.231548
0.228835
0.223558
0.215373
0.206035
0.198463
0.194236
0.187619
0.179461
0.17208
0.165318
0.158147
0.150336
0.14256
0.133084
0.123123
0.114048
0.106453
0.0986508
0.0912718
0.082755
0.074401
0.0686494
0.0674397
0.0639052
0.061322
0.05963
0.0586706
0.0481069
0.066957
0.0709576
0.0772867
0.0859439
0.0969296
0.110631
0.129272
0.152571
0.167882
0.186404
0.213707
0.24936
0.29936
0.336514
0.371524
0.421953
0.476237
0.530198
0.593368
0.655253
0.695939
0.72656
0.75761
0.78898
0.822707
0.85729
0.888018
0.917783
0.943479
0.954265
0.974406
0.988902
0.997745
1
0.996606
0.987562
0.972872
0.951591
0.924659
0.911387
0.908361
0.913929
0.90001
0.878382
0.855683
0.830737
0.834484
0.840159
0.837268
0.826883
0.806004
0.783842
0.756754
0.734055
0.71671
0.698081
0.659964
0.625489
0.591227
0.569171
0.555467
0.539942
0.528272
0.509856
0.495509
0.482661
0.474095
0.468099
0.464245
0.459855
0.454609
0.446151
0.441546
0.443367
0.439406
0.433195
0.427842
0.423559
0.415208
0.403645
0.395293
0.391653
0.376022
0.355571
0.344757
0.3363
0.328269
0.318633
0.304072
0.29722
0.293151
0.290689
0.289939
0.281266
0.286513
0.286941
0.277519
0.265955
0.253107
0.237048
0.217562
0.204285
0.200645
0.188011
0.161886
0.150859
0.145398
0.147003
0.149466
0.143363
0.142828
0.136832
0.134477
0.124627
0.115205
0.106104
0.0946477
0.0799795
0.0693798
0.0639193
0.0569599
0.0535338
0.0486087
0.0465744
0.0419705
0.0387584
0.0422765
0.0394515
0.0331308
0.028628
0.0256836
0.0242972
0.0697487
0.0742172
0.0820954
0.0933834
0.108081
0.123918
0.139058
0.15354
0.15796
0.15415
0.153521
0.148731
0.139945
0.141573
0.143459
0.132454
0.118785
0.11355
0.129402
0.16044
0.192069
0.214468
0.229913
0.258859
0.303307
0.341854
0.375074
0.417338
0.468666
0.49802
0.520382
0.552714
0.590522
0.632361
0.671389
0.700761
0.733241
0.761837
0.782738
0.803602
0.828387
0.853081
0.876072
0.901393
0.917208
0.916524
0.916135
0.920759
0.91902
0.899414
0.881805
0.871576
0.862385
0.84816
0.830791
0.842131
0.868488
0.875794
0.869228
0.871835
0.899599
0.924385
0.922202
0.906036
0.895937
0.907238
0.921684
0.937813
0.95938
0.976719
0.973534
0.988478
0.9973
1
0.996578
0.987035
0.971371
0.949585
0.921678
0.887649
0.847177
0.80354
0.776375
0.752478
0.730134
0.706791
0.685779
0.657553
0.631547
0.613254
0.588191
0.552973
0.512651
0.476268
0.452056
0.431987
0.404409
0.376405
0.346996
0.31496
0.278706
0.238235
0.202427
0.181359
0.165359
0.146104
0.138096
0.142442
0.137614
0.130937
0.132657
0.135783
0.146234
0.164619
0.178343
0.185372
0.181008
0.163639
0.14738
0.135321
0.121855
0.10519
0.0910401
0.075577
0.05531
0.0395211
0.0287826
0.0200216
0.0132379
0.00843139
0.00560222
0.00475037
0.00608959
0.00962737
0.015355
0.0231784
0.0290524
0.0349518
0.0475238
0.0528862
0.0542962
0.0556853
0.0565451
0.0555741
0.0671822
0.0779144
0.0813615
0.0910077
0.0949798
0.0936817
0.101633
0.119397
0.138199
0.156093
0.176187
0.185167
0.205821
0.235422
0.25491
0.278484
0.298072
0.305454
0.315076
0.320789
0.323378
0.320265
0.309483
0.295811
0.287741
0.289163
0.297082
0.321858
0.354613
0.378196
0.411482
0.464942
0.525749
0.582934
0.623573
0.670102
0.729156
0.779974
0.843264
0.917559
0.969243
0.98968
0.995372
0.998788
0.999894
0.998627
0.99502
0.989138
0.980981
0.970548
0.95784
0.932354
0.910782
0.923659
0.941884
0.924537
0.888649
0.869386
0.855913
0.807313
0.731802
0.706233
0.729809
0.729449
0.70083
0.676149
0.66407
0.651803
0.638625
0.631571
0.619136
0.591955
0.55111
0.515556
0.505501
0.501808
0.488925
0.48151
0.490593
0.49527
0.490174
0.49081
0.492592
0.497065
0.484564
0.459775
0.444904
0.427935
0.398948
0.36284
0.337592
0.317483
0.297877
0.281951
0.249284
0.216454
0.184085
0.155377
0.150174
0.156222
0.148517
0.122368
0.102427
0.107697
0.117503
0.121756
0.128009
0.132956
0.129255
0.11044
0.088765
0.0837494
0.0831963
0.0784426
0.0610047
0.0380978
0.0204275
0.00847589
0.00224286
0.00116426
0.00424363
0.0103057
0.0193436
0.031357
0.0463463
0.0643113
0.0727257
0.0849438
0.0887628
0.0884542
0.0888979
0.0983683
0.120974
0.139413
0.136443
0.118891
0.107009
0.113914
0.12244
0.122979
0.131081
0.15276
0.18173
0.203989
0.206805
0.20233
0.210373
0.229757
0.245612
0.254446
0.267408
0.287775
0.309339
0.331675
0.355688
0.374416
0.386394
0.410639
0.447073
0.488833
0.52463
0.551287
0.580218
0.6051
0.63164
0.656559
0.663252
0.665972
0.689523
0.710836
0.720152
0.715117
0.711703
0.727578
0.743221
0.756085
0.779887
0.817922
0.85239
0.876055
0.892316
0.897388
0.899452
0.904525
0.904563
0.894919
0.885276
0.893801
0.910157
0.902905
0.889808
0.902519
0.917428
0.919917
0.924255
0.935366
0.952102
0.965637
0.975964
0.983086
0.987013
0.987734
0.985253
0.979567
0.970687
0.9586
0.943304
0.924818
0.986416
1
0.985553
0.97751
0.954249
0.911044
0.874706
0.854453
0.853914
0.845427
0.815356
0.773521
0.723585
0.680014
0.662577
0.647841
0.616788
0.59318
0.586313
0.573545
0.539559
0.495197
0.457315
0.425799
0.400512
0.385179
0.363885
0.324113
0.279192
0.243182
0.212823
0.184778
0.169097
0.164834
0.164101
0.155998
0.141955
0.130685
0.121357
0.113972
0.108529
0.105028
0.101108
0.0504983
0.0515357
0.0533558
0.0559433
0.0592982
0.0634206
0.0724242
0.0855639
0.0920386
0.0946041
0.0999024
0.117466
0.140091
0.158452
0.176166
0.198561
0.228079
0.264742
0.304523
0.34062
0.370223
0.401221
0.439237
0.48017
0.52105
0.560881
0.599796
0.639702
0.677592
0.706494
0.721885
0.732024
0.744893
0.769842
0.812121
0.863546
0.903516
0.918764
0.938615
0.959551
0.976021
0.988144
0.995918
0.999342
0.998419
0.993148
0.983527
0.969558
0.950915
0.927691
0.900088
0.881015
0.876098
0.874957
0.864684
0.84068
0.812451
0.789537
0.772956
0.757889
0.740354
0.719913
0.702124
0.691313
0.679099
0.653998
0.618509
0.583948
0.559196
0.550888
0.561784
0.582777
0.597865
0.600668
0.595714
0.587338
0.57726
0.568837
0.564097
0.563894
0.567009
0.568271
0.56171
0.543115
0.514094
0.484524
0.464371
0.453437
0.44391
0.426246
0.400879
0.375822
0.356967
0.345773
0.342154
0.341319
0.33376
0.321401
0.307248
0.291549
0.276101
0.262871
0.254194
0.250339
0.24699
0.242447
0.235745
0.221797
0.203963
0.188935
0.178607
0.170965
0.165546
0.165974
0.172433
0.17153
0.164932
0.158085
0.150496
0.142761
0.136198
0.131565
0.12893
0.126988
0.116051
0.106478
0.0981759
0.0911452
0.0853858
0.080898
0.0776817
0.0756149
0.0665258
0.0846382
0.0877939
0.0932548
0.0982282
0.101131
0.107232
0.111507
0.112137
0.120429
0.137759
0.15978
0.18451
0.209045
0.226364
0.234719
0.24527
0.260268
0.278594
0.301087
0.315301
0.323922
0.33512
0.344793
0.360308
0.378152
0.396474
0.431773
0.456821
0.467886
0.47828
0.485632
0.491424
0.490204
0.490655
0.502454
0.522605
0.565633
0.625341
0.696837
0.74399
0.796559
0.852563
0.887519
0.917026
0.94108
0.959683
0.972836
0.980301
0.981992
0.978228
0.96901
0.954343
0.981931
0.999437
1
0.982464
0.949938
0.918048
0.900987
0.883182
0.86458
0.822251
0.772245
0.747819
0.71768
0.692243
0.676281
0.656836
0.646824
0.643139
0.625771
0.59508
0.584218
0.587724
0.586224
0.588486
0.588399
0.584525
0.581533
0.571916
0.562515
0.560295
0.562123
0.551076
0.533079
0.532411
0.532331
0.523472
0.518997
0.507817
0.492931
0.491148
0.484876
0.464677
0.443967
0.425127
0.408441
0.394859
0.38908
0.392709
0.396121
0.385647
0.365
0.345604
0.32581
0.307463
0.291396
0.277569
0.265386
0.24649
0.221966
0.203759
0.188656
0.181769
0.180098
0.176144
0.171023
0.160601
0.145859
0.132536
0.119101
0.105522
0.093566
0.0823719
0.0635068
0.0538148
0.0458946
0.0394625
0.0345187
0.0310631
0.0290957
0.0286166
0.0350484
0.037727
0.0418472
0.0472699
0.0511668
0.0575732
0.0609739
0.0659967
0.0811995
0.0977314
0.11006
0.124292
0.147673
0.178755
0.204708
0.228207
0.252521
0.278584
0.313159
0.343394
0.361108
0.382239
0.411192
0.44364
0.478822
0.514651
0.542956
0.569215
0.605099
0.645728
0.682879
0.720996
0.762116
0.800689
0.837727
0.873977
0.902704
0.927993
0.954304
0.968869
0.969092
0.970488
0.979968
0.987601
0.993388
0.99733
0.999423
0.999668
0.998068
0.994622
0.989328
0.982186
0.974371
0.971297
0.974441
0.968613
0.945535
0.918064
0.895023
0.877785
0.86034
0.835781
0.812916
0.801265
0.789577
0.761844
0.727672
0.70907
0.705026
0.700463
0.690061
0.675572
0.660455
0.645216
0.626115
0.607697
0.600676
0.603626
0.603227
0.590411
0.564021
0.533968
0.507149
0.483519
0.467853
0.459855
0.458394
0.459716
0.458261
0.455316
0.450301
0.447553
0.455827
0.469414
0.479185
0.482681
0.486363
0.490523
0.487049
0.47939
0.467414
0.45319
0.444016
0.433324
0.414575
0.394012
0.379987
0.369096
0.351189
0.329934
0.313293
0.30336
0.295831
0.285384
0.271782
0.255333
0.239897
0.221873
0.204398
0.194805
0.186956
0.175958
0.158234
0.129394
0.108427
0.0919892
0.078609
0.0681746
0.0606848
0.0561381
0.0545362
0.0436665
0.0472873
0.0533907
0.0619573
0.0729866
0.0860413
0.100809
0.117429
0.133802
0.150172
0.168504
0.191728
0.219708
0.247688
0.274131
0.301914
0.325017
0.336666
0.362057
0.405619
0.439181
0.464005
0.484588
0.494547
0.504484
0.520362
0.539435
0.574675
0.632844
0.69543
0.73829
0.770992
0.811571
0.859406
0.902743
0.938141
0.965534
0.98492
0.996302
0.999681
0.995055
0.982425
0.961789
0.933149
0.905191
0.875596
0.843812
0.815285
0.79532
0.786012
0.772063
0.743044
0.712738
0.700001
0.700766
0.701362
0.706013
0.716214
0.722831
0.724374
0.723982
0.722754
0.719947
0.706611
0.676986
0.642081
0.615458
0.590568
0.557084
0.52119
0.490858
0.467638
0.445911
0.419299
0.392675
0.37591
0.369903
0.367777
0.364174
0.356709
0.346386
0.333627
0.316979
0.294261
0.271283
0.258741
0.250719
0.237168
0.217799
0.191818
0.166479
0.14941
0.137657
0.128525
0.122151
0.118832
0.114765
0.106255
0.0963661
0.0879373
0.0829164
0.0824812
0.0835833
0.084756
0.0826456
0.0820514
0.0831258
0.0803429
0.077087
0.0820122
0.0902531
0.0931297
0.0913121
0.0913636
0.091166
0.0903803
0.088885
0.0808172
0.07459
0.0716665
0.0644509
0.0555328
0.049383
0.0451992
0.0405901
0.0352213
0.0303724
0.0270552
0.0236814
0.0204247
0.0181763
0.0169361
0.0165715
0.0332585
0.0366119
0.0417822
0.0487694
0.0575735
0.0682002
0.0809155
0.0986044
0.127144
0.152106
0.170823
0.192801
0.220872
0.24766
0.285184
0.339632
0.383547
0.40936
0.431464
0.452794
0.479745
0.51429
0.548152
0.577785
0.613492
0.653046
0.671105
0.674754
0.691162
0.715432
0.73418
0.749179
0.768054
0.796787
0.828359
0.839307
0.822165
0.7975
0.784725
0.78455
0.794445
0.806944
0.812852
0.806185
0.785435
0.761449
0.742163
0.74624
0.773393
0.792768
0.79977
0.810414
0.825255
0.852134
0.893824
0.931646
0.961171
0.982401
0.995334
0.999971
0.996308
0.984352
0.9641
0.935549
0.898704
0.854854
0.812851
0.779275
0.747817
0.728651
0.737509
0.760803
0.77322
0.765289
0.748812
0.735856
0.720993
0.699142
0.670488
0.647216
0.634914
0.609039
0.560523
0.508267
0.466431
0.434467
0.404793
0.373943
0.349847
0.331596
0.308663
0.27092
0.228697
0.201122
0.186457
0.178617
0.174299
0.167939
0.163484
0.16666
0.173269
0.176315
0.175462
0.174896
0.171337
0.161889
0.147762
0.128556
0.11305
0.106756
0.105065
0.101339
0.0903872
0.081419
0.0788825
0.0776007
0.0754447
0.0724134
0.0737738
0.0847231
0.0949347
0.0959398
0.0911902
0.0854298
0.0864337
0.0853716
0.0837196
0.078055
0.0735426
0.0708939
0.0701264
0.0608436
0.0634027
0.0676809
0.0735838
0.081111
0.0902632
0.10104
0.113447
0.13079
0.161775
0.20445
0.24668
0.280402
0.314632
0.351391
0.383627
0.418031
0.46491
0.513825
0.559176
0.602525
0.639246
0.665782
0.702463
0.741369
0.761155
0.781158
0.812517
0.838645
0.845144
0.851693
0.866079
0.878688
0.889007
0.902228
0.921077
0.939788
0.952694
0.963526
0.973458
0.981945
0.990336
0.996546
0.999417
0.998945
0.995135
0.987988
0.977501
0.963674
0.946506
0.926002
0.902156
0.879831
0.868941
0.867803
0.856328
0.829586
0.792812
0.761345
0.747459
0.740601
0.734172
0.729809
0.719825
0.703817
0.688317
0.666723
0.635892
0.608811
0.589445
0.570558
0.551567
0.531542
0.510531
0.495028
0.485569
0.471099
0.45025
0.435328
0.419968
0.395981
0.375488
0.36484
0.353229
0.335945
0.316
0.302336
0.297793
0.299986
0.301628
0.298695
0.299608
0.30035
0.296405
0.29444
0.299
0.311131
0.314898
0.303097
0.284307
0.26429
0.251689
0.242529
0.235009
0.232556
0.218449
0.192801
0.169629
0.14982
0.13888
0.133994
0.13129
0.128804
0.127542
0.130131
0.127331
0.122892
0.122016
0.122311
0.121285
0.116673
0.108263
0.0983304
0.0897499
0.0807146
0.070467
0.0633632
0.0571526
0.0513051
0.0455519
0.0380806
0.0328486
0.0315912
0.0545777
0.0505491
0.0478776
0.0465634
0.0466063
0.0480065
0.0507638
0.0548784
0.0603501
0.0671791
0.0753653
0.085026
0.0974256
0.112526
0.134083
0.158977
0.183867
0.217615
0.245279
0.267431
0.306283
0.360307
0.40549
0.427851
0.452857
0.482896
0.515913
0.551661
0.587759
0.622425
0.647002
0.65606
0.663283
0.694468
0.753079
0.792869
0.801325
0.810002
0.826684
0.845097
0.86654
0.906237
0.964081
0.999494
0.977726
0.942141
0.957835
0.968826
0.975111
0.976689
0.973562
0.965733
0.953199
0.93596
0.914016
0.892924
0.929589
0.988861
0.977297
0.950358
0.908753
0.884566
0.906123
0.954788
0.987299
0.975743
0.917825
0.84395
0.803523
0.798059
0.800431
0.806102
0.822987
0.830607
0.809836
0.784205
0.778661
0.794297
0.822547
0.835943
0.823065
0.801402
0.770627
0.712901
0.662751
0.658944
0.676857
0.677558
0.652445
0.611373
0.566825
0.536378
0.515191
0.492769
0.471488
0.450505
0.412188
0.350533
0.293046
0.254879
0.229859
0.221484
0.214699
0.200707
0.18623
0.168699
0.136935
0.105911
0.0946149
0.0892224
0.0814405
0.0726511
0.0615769
0.0527522
0.0508875
0.0498787
0.049138
0.0524225
0.0533175
0.0539953
0.0575964
0.0613539
0.0599072
0.0539692
0.0480284
0.0456054
0.0418752
0.0337042
0.0276247
0.0239498
0.0226796
0.0144937
0.0161467
0.01889
0.0226075
0.0272995
0.0329658
0.0396065
0.0455842
0.0504869
0.056913
0.0628453
0.0704734
0.0825277
0.096216
0.115423
0.140065
0.163999
0.184579
0.207558
0.240784
0.284176
0.329086
0.365738
0.396122
0.422884
0.440616
0.453924
0.466643
0.48015
0.496603
0.518038
0.541398
0.556326
0.554119
0.538018
0.522369
0.515012
0.517124
0.527177
0.542096
0.558712
0.575132
0.590291
0.602951
0.616901
0.64301
0.679805
0.738658
0.801732
0.853874
0.896888
0.932375
0.960336
0.980767
0.993672
0.999049
0.996404
0.985884
0.967837
0.942264
0.909163
0.875017
0.849423
0.83529
0.827848
0.808753
0.77181
0.74452
0.739038
0.735486
0.727065
0.728037
0.739739
0.742531
0.726372
0.703269
0.682339
0.658899
0.633615
0.615777
0.606899
0.598832
0.590015
0.5751
0.546786
0.506685
0.46516
0.429847
0.401268
0.382524
0.375074
0.368282
0.360993
0.350994
0.335545
0.315646
0.300668
0.296762
0.296158
0.293403
0.297417
0.301411
0.294321
0.278718
0.264425
0.254877
0.246186
0.238203
0.237569
0.244102
0.242434
0.229591
0.213701
0.193533
0.176445
0.164449
0.154883
0.146597
0.140313
0.135699
0.129381
0.115081
0.0882847
0.0692561
0.0642663
0.0632842
0.0645388
0.0629819
0.0595677
0.0570192
0.055336
0.0544419
0.0491404
0.0750662
0.0777481
0.0817259
0.0870006
0.0935712
0.101439
0.111239
0.135721
0.159335
0.173959
0.187171
0.200293
0.212249
0.222547
0.235764
0.253538
0.272433
0.294542
0.316647
0.334337
0.35087
0.377135
0.414303
0.456734
0.511957
0.58023
0.644742
0.695062
0.731445
0.753309
0.77121
0.7937
0.813826
0.83127
0.841114
0.843274
0.843004
0.836643
0.835405
0.846867
0.865556
0.892849
0.922215
0.935746
0.933008
0.928918
0.92739
0.927053
0.926166
0.920296
0.905282
0.891255
0.884138
0.872813
0.865896
0.889728
0.920655
0.946467
0.967167
0.982758
0.993235
0.998601
0.998854
0.993996
0.984028
0.968945
0.948576
0.920598
0.893869
0.871744
0.848281
0.819663
0.785999
0.766283
0.7773
0.807398
0.828538
0.827516
0.81456
0.799529
0.781552
0.753433
0.711635
0.665991
0.634172
0.616867
0.593882
0.547523
0.484433
0.431996
0.405666
0.396205
0.389154
0.379028
0.367203
0.357564
0.348847
0.336571
0.318933
0.298757
0.283369
0.275383
0.262286
0.240155
0.217727
0.200302
0.192312
0.191178
0.188337
0.180622
0.170727
0.162724
0.156184
0.148229
0.144779
0.149498
0.15475
0.152309
0.142548
0.127879
0.114179
0.105051
0.104781
0.100858
0.0888589
0.0782426
0.0697102
0.0632614
0.0588961
0.0566144
0.0529355
0.0385651
0.0411816
0.0452818
0.0507589
0.0576129
0.0574108
0.0595536
0.0660002
0.0752206
0.0848557
0.0947775
0.103727
0.109019
0.116054
0.133131
0.153289
0.16989
0.190702
0.220014
0.254396
0.28878
0.319083
0.351665
0.387389
0.42594
0.45896
0.480574
0.49607
0.516394
0.544176
0.571756
0.597488
0.629489
0.66928
0.712846
0.751254
0.770105
0.776911
0.830834
0.877086
0.915978
0.947504
0.971671
0.988477
0.997919
1
0.994721
0.982082
0.962081
0.934716
0.924843
0.941607
0.93485
0.931654
0.929636
0.918369
0.906414
0.913678
0.930867
0.928252
0.910086
0.888964
0.880038
0.878566
0.877326
0.863794
0.839701
0.82795
0.832309
0.827253
0.801339
0.768028
0.743049
0.729241
0.728466
0.718095
0.679837
0.652362
0.635401
0.624394
0.609963
0.58618
0.567874
0.565894
0.572337
0.57255
0.561086
0.541875
0.521446
0.503959
0.489468
0.479899
0.464403
0.449778
0.446288
0.436602
0.419013
0.403723
0.400619
0.404637
0.414953
0.424426
0.41634
0.389896
0.3587
0.328939
0.300658
0.279822
0.269734
0.262203
0.249898
0.23417
0.21655
0.196249
0.180753
0.175398
0.172291
0.170199
0.167883
0.162641
0.153417
0.144254
0.138191
0.128661
0.114241
0.100951
0.0897988
0.080783
0.0739041
0.0691622
0.0665571
0.0624955
0.0613162
0.0647942
0.0700445
0.0770978
0.0859548
0.0923375
0.101401
0.116256
0.133812
0.152217
0.171085
0.184589
0.193078
0.214724
0.239843
0.252807
0.26145
0.283829
0.318324
0.35224
0.381371
0.409654
0.437551
0.471776
0.51719
0.558784
0.587645
0.6194
0.665355
0.710884
0.742679
0.763282
0.783887
0.815304
0.860354
0.894867
0.924607
0.949101
0.968822
0.983774
0.993953
0.999362
1
0.995865
0.986959
0.973282
0.954833
0.935682
0.952425
0.949454
0.938767
0.924875
0.911062
0.896671
0.888529
0.890805
0.90566
0.935872
0.969094
0.971216
0.943628
0.915191
0.898329
0.885056
0.875719
0.872517
0.878111
0.886985
0.887911
0.873944
0.84624
0.813558
0.79361
0.785122
0.775476
0.758768
0.740518
0.712814
0.67531
0.634719
0.595439
0.560481
0.535478
0.516109
0.494039
0.475364
0.469421
0.47274
0.471659
0.462052
0.456998
0.460432
0.462862
0.460007
0.456688
0.449242
0.435236
0.41741
0.39341
0.358722
0.321487
0.294402
0.28082
0.269938
0.252807
0.234055
0.220319
0.210094
0.203727
0.195663
0.187985
0.183817
0.180731
0.175599
0.166455
0.153258
0.139831
0.130803
0.124242
0.114596
0.101864
0.0870085
0.0787128
0.0769766
0.0731091
0.0641336
0.0539956
0.0455553
0.0388126
0.0337674
0.0304197
0.0263682
0.021988
0.0234765
0.0263507
0.0305922
0.0362009
0.0431769
0.0475142
0.0562907
0.0671338
0.0776254
0.0899309
0.1057
0.126363
0.152625
0.180117
0.20506
0.236161
0.277317
0.31885
0.359444
0.39736
0.434052
0.476982
0.525833
0.572393
0.614959
0.658087
0.700515
0.731926
0.749005
0.762882
0.781019
0.800327
0.822996
0.846874
0.859717
0.870983
0.896987
0.920931
0.935134
0.949956
0.964803
0.982228
0.993648
0.998166
0.9997
0.999293
0.996943
0.992652
0.986418
0.978241
0.968122
0.956061
0.942058
0.926113
0.909732
0.90758
0.906563
0.902787
0.897589
0.889233
0.879721
0.863464
0.842461
0.822904
0.802247
0.77907
0.756122
0.732982
0.70984
0.688968
0.668996
0.649959
0.63242
0.615483
0.60275
0.592305
0.57907
0.56058
0.53471
0.508465
0.486177
0.463689
0.440462
0.420122
0.401118
0.378047
0.35194
0.328291
0.307817
0.288488
0.272682
0.26441
0.262383
0.260665
0.256352
0.250871
0.240476
0.224833
0.210305
0.201556
0.198396
0.196869
0.193269
0.18697
0.178648
0.169047
0.159814
0.153494
0.150928
0.149791
0.149142
0.150334
0.14965
0.146584
0.144839
0.142544
0.140223
0.13799
0.136264
0.132491
0.123797
0.112677
0.102864
0.0944941
0.084835
0.0720024
0.0609466
0.0576959
0.0551619
0.0533445
0.0522016
0.0487169
0.0957182
0.0981098
0.1022
0.107989
0.115477
0.124598
0.133494
0.13914
0.144054
0.151155
0.160881
0.178971
0.2033
0.226467
0.256238
0.290494
0.321068
0.350079
0.383541
0.426355
0.483773
0.545124
0.59904
0.633655
0.658317
0.683163
0.714517
0.748041
0.774699
0.803454
0.83772
0.863013
0.87327
0.872941
0.877758
0.902873
0.929995
0.943162
0.95379
0.96989
0.972934
0.971803
0.981014
0.988394
0.993941
0.997661
0.999549
0.999607
0.997839
0.994219
0.988718
0.981557
0.974621
0.971566
0.972017
0.96772
0.959019
0.957605
0.962083
0.967385
0.971323
0.972767
0.971734
0.968148
0.9593
0.939282
0.90732
0.871863
0.832012
0.785048
0.744822
0.714377
0.683315
0.65134
0.626456
0.610281
0.599065
0.598079
0.603917
0.609849
0.62554
0.643237
0.65177
0.660745
0.669818
0.667082
0.648957
0.625381
0.598727
0.572413
0.552752
0.528679
0.493538
0.452434
0.419879
0.400368
0.382236
0.365145
0.349589
0.335272
0.319316
0.303794
0.29486
0.294497
0.305506
0.314604
0.313905
0.315949
0.318885
0.316697
0.309767
0.300131
0.284684
0.260377
0.237376
0.216088
0.206152
0.19559
0.172514
0.156375
0.147868
0.139056
0.141676
0.147833
0.142457
0.137071
0.132592
0.129015
0.126345
0.124578
0.123717
0.0835981
0.0838573
0.0848593
0.0863082
0.0861079
0.0858467
0.0901834
0.0992212
0.108803
0.117533
0.128035
0.140102
0.15144
0.163411
0.177948
0.201145
0.23194
0.26676
0.302399
0.333977
0.360917
0.383497
0.405602
0.436212
0.474896
0.510913
0.546362
0.590006
0.629172
0.658155
0.677241
0.691204
0.709898
0.737567
0.77291
0.810157
0.842082
0.870687
0.902138
0.926891
0.94556
0.961084
0.973966
0.984243
0.991916
0.996987
0.999455
0.999319
0.99658
0.991238
0.983293
0.972743
0.959765
0.946761
0.931974
0.923338
0.922489
0.918342
0.903334
0.884266
0.875491
0.881117
0.891199
0.895027
0.890791
0.880708
0.869682
0.867742
0.875886
0.880149
0.870405
0.855395
0.8459
0.835489
0.815803
0.790064
0.764005
0.739982
0.721597
0.709338
0.690239
0.652188
0.60979
0.583128
0.572866
0.567124
0.557495
0.541495
0.518511
0.492018
0.466205
0.437769
0.406487
0.387965
0.390559
0.398813
0.398643
0.389585
0.373909
0.354987
0.335837
0.317362
0.299704
0.284418
0.273365
0.264031
0.247797
0.222037
0.191194
0.1634
0.140754
0.123529
0.112494
0.104922
0.0982261
0.0937853
0.0929044
0.0923771
0.0897031
0.0865028
0.0854988
0.0861694
0.0857402
0.0834049
0.0773285
0.069491
0.0642308
0.0657629
0.0679517
0.0645575
0.0622786
0.0610438
0.0559244
0.0673961
0.0698594
0.0735069
0.0783387
0.0843549
0.0915557
0.0999409
0.10951
0.12101
0.134315
0.14424
0.154552
0.169591
0.187723
0.207917
0.231248
0.251615
0.272883
0.302101
0.336991
0.370333
0.40475
0.439552
0.475644
0.529139
0.589035
0.645235
0.692929
0.726872
0.754457
0.792097
0.83979
0.875968
0.901318
0.932684
0.95825
0.987227
0.99805
0.999725
1
0.998875
0.996351
0.992431
0.987111
0.980391
0.972115
0.962444
0.951373
0.938903
0.925034
0.913096
0.904198
0.900416
0.908151
0.920009
0.922588
0.922588
0.932642
0.952063
0.96332
0.964781
0.963492
0.961687
0.958852
0.95911
0.96173
0.960871
0.950559
0.933286
0.911459
0.879664
0.838329
0.791066
0.745434
0.709986
0.686698
0.669469
0.647986
0.611033
0.571762
0.5422
0.522049
0.508214
0.498546
0.489437
0.478266
0.465977
0.448662
0.426319
0.400539
0.376305
0.364274
0.352845
0.334197
0.311854
0.290457
0.271766
0.258275
0.247576
0.237264
0.233827
0.234256
0.231334
0.223256
0.209765
0.19623
0.18884
0.18725
0.185618
0.182438
0.177712
0.169118
0.160911
0.153436
0.143424
0.133542
0.126023
0.119835
0.11223
0.101402
0.0889417
0.0803483
0.0780345
0.0733158
0.0688576
0.0649932
0.0617226
0.0590455
0.0569622
0.0554727
0.054577
0.0493145
0.0642485
0.065769
0.0684117
0.0741525
0.0802439
0.083757
0.098939
0.12124
0.137344
0.155569
0.176068
0.200131
0.229944
0.257726
0.288094
0.327518
0.370979
0.409574
0.438425
0.465153
0.493113
0.517342
0.535821
0.55085
0.582617
0.632232
0.669659
0.682913
0.697542
0.733063
0.758586
0.775932
0.81233
0.861473
0.900809
0.914818
0.926466
0.9503
0.969766
0.970935
0.962426
0.964275
0.960945
0.942062
0.920961
0.908585
0.896391
0.869267
0.859103
0.883586
0.910606
0.934257
0.95675
0.97462
0.987737
0.995983
0.999507
0.998403
0.992675
0.982324
0.967346
0.944618
0.913071
0.876715
0.839158
0.799912
0.75977
0.732056
0.71248
0.680024
0.638136
0.601906
0.568754
0.537657
0.518278
0.505033
0.490723
0.474336
0.452321
0.428756
0.409036
0.394924
0.38243
0.36836
0.355416
0.34012
0.325366
0.315835
0.309021
0.301575
0.294537
0.281715
0.258817
0.248663
0.245539
0.232751
0.220676
0.215579
0.206527
0.190168
0.170147
0.155229
0.151146
0.150066
0.143909
0.14237
0.144136
0.135233
0.120107
0.112945
0.109398
0.103651
0.0957352
0.0852337
0.0743843
0.0659828
0.0561883
0.0538913
0.053816
0.0484913
0.040485
0.0333469
0.0291223
0.0284112
0.0296404
0.025913
0.0220377
0.0196162
0.0152107
0.0129911
0.0123239
9.32911e-005
0
0
0
0
0
0
0
0
0
0
0
0
0
0
0
0
0
0
0
0
0
0
0
0
0
0
0
0
0
0
0
0
0
0
0
0
0
0
0
0
0
0
0
0
0
0
0
0
0
0
0
0
0
0
0
0
0
0
0
0
0
0
0
0
0
0
0
0
0
0
0
0
0
0
0
0
0
0
0
0
0
0
0
0
0
0
0
0
0
0
0
0
0
0
0
0
0
0
0
0
0
0
0
0
0
0
0
0
0
0
0
0
0
0
0
0
0
0
0
0
0
0
0
0
0
0
0
0
0
0
0
0
