0.0611505
0.0639305
0.0680895
0.0743278
0.0818833
0.0899042
0.0995959
0.111214
0.124182
0.137399
0.151596
0.167619
0.186285
0.206435
0.228279
0.251765
0.275082
0.301322
0.33338
0.366934
0.398206
0.430546
0.464575
0.498709
0.536065
0.570873
0.603475
0.637587
0.67132
0.700169
0.725009
0.750123
0.774401
0.79781
0.822496
0.8453
0.863124
0.877395
0.892219
0.91098
0.928979
0.942493
0.957691
0.970945
0.982435
0.988453
0.99322
0.996733
0.998993
1
0.999754
0.998255
0.995502
0.991497
0.986239
0.979728
0.971964
0.970713
0.967977
0.961997
0.95218
0.940378
0.929521
0.920518
0.91199
0.899724
0.880632
0.858468
0.84543
0.83432
0.821618
0.808912
0.801833
0.791415
0.782123
0.772865
0.760737
0.747992
0.734939
0.719843
0.702788
0.685875
0.665841
0.641734
0.616531
0.596954
0.582236
0.569392
0.550874
0.529482
0.511134
0.496331
0.480846
0.466762
0.455804
0.442284
0.429719
0.414579
0.396812
0.380275
0.366447
0.352029
0.339012
0.328581
0.315951
0.301573
0.287287
0.272921
0.261517
0.249469
0.236426
0.22519
0.216239
0.207433
0.196473
0.186762
0.177744
0.168682
0.159614
0.160235
0.144665
0.130472
0.117654
0.106214
0.0961496
0.0874616
0.08015
0.0742146
0.0696557
0.066473
0.0646668
0.0642368
0.0651742
0.0674967
0.0711952
0.0762699
0.0827208
0.0905477
0.0997509
0.11033
0.122286
0.135617
0.150325
0.166409
0.18626
0.206407
0.228248
0.251731
0.275044
0.30128
0.333334
0.366884
0.398152
0.430487
0.464511
0.49864
0.535991
0.570794
0.603393
0.6375
0.671228
0.700073
0.724909
0.75002
0.774295
0.797701
0.822384
0.845184
0.863006
0.877274
0.902266
0.917062
0.930645
0.943015
0.954172
0.964116
0.972847
0.980365
0.986671
0.991762
0.995641
0.998306
0.99976
1
0.999026
0.996841
0.993441
0.988829
0.983003
0.975965
0.967714
0.95825
0.947572
0.935682
0.922578
0.920392
0.911865
0.899601
0.880511
0.85835
0.845314
0.834205
0.821505
0.808801
0.801723
0.791306
0.782016
0.772759
0.760633
0.74789
0.734838
0.719744
0.702691
0.685781
0.66575
0.641646
0.616447
0.596872
0.582156
0.569314
0.550799
0.529409
0.511064
0.496263
0.48078
0.466698
0.455742
0.442223
0.42966
0.414522
0.396758
0.380222
0.366396
0.351981
0.338965
0.328535
0.315907
0.301532
0.287247
0.272884
0.261481
0.249435
0.236393
0.225159
0.21621
0.207405
0.196446
0.186737
0.177719
0.168659
0.159592
0.14967
0.139772
0.131471
0.121896
0.112711
0.102184
0.0943832
0.0844114
0.0761942
0.0697316
0.0650235
0.0620701
0.0608714
0.0614272
0.0637375
0.0678025
0.0736221
0.0811962
0.0905249
0.0995823
0.111199
0.124165
0.13738
0.151575
0.167596
0.18626
0.206407
0.228248
0.251731
0.275044
0.30128
0.333334
0.366884
0.398152
0.430487
0.464511
0.49864
0.535991
0.570794
0.603393
0.6375
0.671228
0.700073
0.724909
0.75002
0.774295
0.797701
0.822384
0.845184
0.863006
0.877274
0.902266
0.917062
0.930645
0.943015
0.954172
0.964116
0.972847
0.980365
0.986671
0.991762
0.995641
0.998306
0.99976
1
0.999026
0.996841
0.993441
0.988829
0.983003
0.975965
0.967714
0.95825
0.947572
0.935682
0.922578
0.920392
0.911865
0.899601
0.880511
0.85835
0.845314
0.834205
0.821505
0.808801
0.801723
0.791306
0.782016
0.772759
0.760633
0.74789
0.734838
0.719744
0.702691
0.685781
0.66575
0.641646
0.616447
0.596872
0.582156
0.569314
0.550799
0.529409
0.511064
0.496263
0.48078
0.466698
0.455742
0.442223
0.42966
0.414522
0.396758
0.380222
0.366396
0.351981
0.338965
0.328535
0.315907
0.301532
0.287247
0.272884
0.261481
0.249435
0.236393
0.225159
0.21621
0.207405
0.196446
0.186737
0.177719
0.168659
0.159592
0.14967
0.139772
0.131471
0.121896
0.112711
0.102184
0.0943832
0.0844114
0.0761942
0.0697316
0.0650235
0.0620701
0.0608714
0.0614272
0.0637375
0.0678025
0.0736221
0.0811962
0.0905249
0.0995823
0.111199
0.124165
0.13738
0.151575
0.167596
0.18626
0.206407
0.228248
0.251731
0.275044
0.30128
0.333334
0.366884
0.398152
0.430487
0.464511
0.49864
0.535991
0.570794
0.603393
0.6375
0.671228
0.700073
0.724909
0.75002
0.774295
0.797701
0.822384
0.845184
0.863006
0.877274
0.902266
0.917062
0.930645
0.943015
0.954172
0.964116
0.972847
0.980365
0.986671
0.991762
0.995641
0.998306
0.99976
1
0.999026
0.996841
0.993441
0.988829
0.983003
0.975965
0.967714
0.95825
0.947572
0.935682
0.922578
0.920392
0.911865
0.899601
0.880511
0.85835
0.845314
0.834205
0.821505
0.808801
0.801723
0.791306
0.782016
0.772759
0.760633
0.74789
0.734838
0.719744
0.702691
0.685781
0.66575
0.641646
0.616447
0.596872
0.582156
0.569314
0.550799
0.529409
0.511064
0.496263
0.48078
0.466698
0.455742
0.442223
0.42966
0.414522
0.396758
0.380222
0.366396
0.351981
0.338965
0.328535
0.315907
0.301532
0.287247
0.272884
0.261481
0.249435
0.236393
0.225159
0.21621
0.207405
0.196446
0.186737
0.177719
0.168659
0.159592
0.14967
0.139772
0.131471
0.121896
0.112711
0.102184
0.0943832
0.0844114
0.0761942
0.0697316
0.0650235
0.0620701
0.0608714
0.0614272
0.0637375
0.0678025
0.0736221
0.0811962
0.0905249
0.0995823
0.111199
0.124165
0.13738
0.151575
0.167596
0.18626
0.206407
0.228248
0.251731
0.275044
0.30128
0.333334
0.366884
0.398152
0.430487
0.464511
0.49864
0.535991
0.570794
0.603393
0.6375
0.671228
0.700073
0.724909
0.75002
0.774295
0.797701
0.822384
0.845184
0.863006
0.877274
0.902266
0.917062
0.930645
0.943015
0.954172
0.964116
0.972847
0.980365
0.986671
0.991762
0.995641
0.998306
0.99976
1
0.999026
0.996841
0.993441
0.988829
0.983003
0.975965
0.967714
0.95825
0.947572
0.935682
0.922578
0.920392
0.911865
0.899601
0.880511
0.85835
0.845314
0.834205
0.821505
0.808801
0.801723
0.791306
0.782016
0.772759
0.760633
0.74789
0.734838
0.719744
0.702691
0.685781
0.66575
0.641646
0.616447
0.596872
0.582156
0.569314
0.550799
0.529409
0.511064
0.496263
0.48078
0.466698
0.455742
0.442223
0.42966
0.414522
0.396758
0.380222
0.366396
0.351981
0.338965
0.328535
0.315907
0.301532
0.287247
0.272884
0.261481
0.249435
0.236393
0.225159
0.21621
0.207405
0.196446
0.186737
0.177719
0.168659
0.159592
0.14967
0.139772
0.131471
0.121896
0.112711
0.102184
0.0943832
0.0844114
0.0761942
0.0697316
0.0650235
0.0620701
0.0608714
0.0614272
0.0637375
0.0678025
0.0736221
0.0811962
0.0905249
0.0995823
0.111199
0.124165
0.13738
0.151575
0.167596
0.18626
0.206407
0.228248
0.251731
0.275044
0.30128
0.333334
0.366884
0.398152
0.430487
0.464511
0.49864
0.535991
0.570794
0.603393
0.6375
0.671228
0.700073
0.724909
0.75002
0.774295
0.797701
0.822384
0.845184
0.863006
0.877274
0.902266
0.917062
0.930645
0.943015
0.954172
0.964116
0.972847
0.980365
0.986671
0.991762
0.995641
0.998306
0.99976
1
0.999026
0.996841
0.993441
0.988829
0.983003
0.975965
0.967714
0.95825
0.947572
0.935682
0.922578
0.920392
0.911865
0.899601
0.880511
0.85835
0.845314
0.834205
0.821505
0.808801
0.801723
0.791306
0.782016
0.772759
0.760633
0.74789
0.734838
0.719744
0.702691
0.685781
0.66575
0.641646
0.616447
0.596872
0.582156
0.569314
0.550799
0.529409
0.511064
0.496263
0.48078
0.466698
0.455742
0.442223
0.42966
0.414522
0.396758
0.380222
0.366396
0.351981
0.338965
0.328535
0.315907
0.301532
0.287247
0.272884
0.261481
0.249435
0.236393
0.225159
0.21621
0.207405
0.196446
0.186737
0.177719
0.168659
0.159592
0.14967
0.139772
0.131471
0.121896
0.112711
0.102184
0.0943832
0.0844114
0.0761942
0.0697316
0.0650235
0.0620701
0.0608714
0.0614272
0.0637375
0.0678025
0.0736221
0.0811962
0.0905249
0.0995823
0.111199
0.124165
0.13738
0.151575
0.167596
0.18626
0.206407
0.228248
0.251731
0.275044
0.30128
0.333334
0.366884
0.398152
0.430487
0.464511
0.49864
0.535991
0.570794
0.603393
0.6375
0.671228
0.700073
0.724909
0.75002
0.774295
0.797701
0.822384
0.845184
0.863006
0.877274
0.902266
0.917062
0.930645
0.943015
0.954172
0.964116
0.972847
0.980365
0.986671
0.991762
0.995641
0.998306
0.99976
1
0.999026
0.996841
0.993441
0.988829
0.983003
0.975965
0.967714
0.95825
0.947572
0.935682
0.922578
0.920392
0.911865
0.899601
0.880511
0.85835
0.845314
0.834205
0.821505
0.808801
0.801723
0.791306
0.782016
0.772759
0.760633
0.74789
0.734838
0.719744
0.702691
0.685781
0.66575
0.641646
0.616447
0.596872
0.582156
0.569314
0.550799
0.529409
0.511064
0.496263
0.48078
0.466698
0.455742
0.442223
0.42966
0.414522
0.396758
0.380222
0.366396
0.351981
0.338965
0.328535
0.315907
0.301532
0.287247
0.272884
0.261481
0.249435
0.236393
0.225159
0.21621
0.207405
0.196446
0.186737
0.177719
0.168659
0.159592
0.14967
0.139772
0.131471
0.121896
0.112711
0.102184
0.0943832
0.0844114
0.0761942
0.0697316
0.0650235
0.0620701
0.0608714
0.0614272
0.0637375
0.0678025
0.0736221
0.0811962
0.0905249
0.0995823
0.111199
0.124165
0.13738
0.151575
0.167596
0.18626
0.206407
0.228248
0.251731
0.275044
0.30128
0.333334
0.366884
0.398152
0.430487
0.464511
0.49864
0.535991
0.570794
0.603393
0.6375
0.671228
0.700073
0.724909
0.75002
0.774295
0.797701
0.822384
0.845184
0.863006
0.877274
0.902266
0.917062
0.930645
0.943015
0.954172
0.964116
0.972847
0.980365
0.986671
0.991762
0.995641
0.998306
0.99976
1
0.999026
0.996841
0.993441
0.988829
0.983003
0.975965
0.967714
0.95825
0.947572
0.935682
0.922578
0.920392
0.911865
0.899601
0.880511
0.85835
0.845314
0.834205
0.821505
0.808801
0.801723
0.791306
0.782016
0.772759
0.760633
0.74789
0.734838
0.719744
0.702691
0.685781
0.66575
0.641646
0.616447
0.596872
0.582156
0.569314
0.550799
0.529409
0.511064
0.496263
0.48078
0.466698
0.455742
0.442223
0.42966
0.414522
0.396758
0.380222
0.366396
0.351981
0.338965
0.328535
0.315907
0.301532
0.287247
0.272884
0.261481
0.249435
0.236393
0.225159
0.21621
0.207405
0.196446
0.186737
0.177719
0.168659
0.159592
0.14967
0.139772
0.131471
0.121896
0.112711
0.102184
0.0943832
0.0844114
0.0761942
0.0697316
0.0650235
0.0620701
0.0608714
0.0614272
0.0637375
0.0678025
0.0736221
0.0811962
0.0905249
0.0995823
0.111199
0.124165
0.13738
0.151575
0.167596
0.18626
0.206407
0.228248
0.251731
0.275044
0.30128
0.333334
0.366884
0.398152
0.430487
0.464511
0.49864
0.535991
0.570794
0.603393
0.6375
0.671228
0.700073
0.724909
0.75002
0.774295
0.797701
0.822384
0.845184
0.863006
0.877274
0.902266
0.917062
0.930645
0.943015
0.954172
0.964116
0.972847
0.980365
0.986671
0.991762
0.995641
0.998306
0.99976
1
0.999026
0.996841
0.993441
0.988829
0.983003
0.975965
0.967714
0.95825
0.947572
0.935682
0.922578
0.920392
0.911865
0.899601
0.880511
0.85835
0.845314
0.834205
0.821505
0.808801
0.801723
0.791306
0.782016
0.772759
0.760633
0.74789
0.734838
0.719744
0.702691
0.685781
0.66575
0.641646
0.616447
0.596872
0.582156
0.569314
0.550799
0.529409
0.511064
0.496263
0.48078
0.466698
0.455742
0.442223
0.42966
0.414522
0.396758
0.380222
0.366396
0.351981
0.338965
0.328535
0.315907
0.301532
0.287247
0.272884
0.261481
0.249435
0.236393
0.225159
0.21621
0.207405
0.196446
0.186737
0.177719
0.168659
0.159592
0.14967
0.139772
0.131471
0.121896
0.112711
0.102184
0.0943832
0.0844114
0.0761942
0.0697316
0.0650235
0.0620701
0.0608714
0.0614272
0.0637375
0.0678025
0.0736221
0.0811962
0.0905249
0.0995823
0.111199
0.124165
0.13738
0.151575
0.167596
0.18626
0.206407
0.228248
0.251731
0.275044
0.30128
0.333334
0.366884
0.398152
0.430487
0.464511
0.49864
0.535991
0.570794
0.603393
0.6375
0.671228
0.700073
0.724909
0.75002
0.774295
0.797701
0.822384
0.845184
0.863006
0.877274
0.902266
0.917062
0.930645
0.943015
0.954172
0.964116
0.972847
0.980365
0.986671
0.991762
0.995641
0.998306
0.99976
1
0.999026
0.996841
0.993441
0.988829
0.983003
0.975965
0.967714
0.95825
0.947572
0.935682
0.922578
0.920392
0.911865
0.899601
0.880511
0.85835
0.845314
0.834205
0.821505
0.808801
0.801723
0.791306
0.782016
0.772759
0.760633
0.74789
0.734838
0.719744
0.702691
0.685781
0.66575
0.641646
0.616447
0.596872
0.582156
0.569314
0.550799
0.529409
0.511064
0.496263
0.48078
0.466698
0.455742
0.442223
0.42966
0.414522
0.396758
0.380222
0.366396
0.351981
0.338965
0.328535
0.315907
0.301532
0.287247
0.272884
0.261481
0.249435
0.236393
0.225159
0.21621
0.207405
0.196446
0.186737
0.177719
0.168659
0.159592
0.14967
0.139772
0.131471
0.121896
0.112711
0.102184
0.0943832
0.0844114
0.0761942
0.0697316
0.0650235
0.0620701
0.0608714
0.0614272
0.0637375
0.0678025
0.0736221
0.0811962
0.0905249
0.0995823
0.111199
0.124165
0.13738
0.151575
0.167596
0.18626
0.206407
0.228248
0.251731
0.275044
0.30128
0.333334
0.366884
0.398152
0.430487
0.464511
0.49864
0.535991
0.570794
0.603393
0.6375
0.671228
0.700073
0.724909
0.75002
0.774295
0.797701
0.822384
0.845184
0.863006
0.877274
0.902266
0.917062
0.930645
0.943015
0.954172
0.964116
0.972847
0.980365
0.986671
0.991762
0.995641
0.998306
0.99976
1
0.999026
0.996841
0.993441
0.988829
0.983003
0.975965
0.967714
0.95825
0.947572
0.935682
0.922578
0.920392
0.911865
0.899601
0.880511
0.85835
0.845314
0.834205
0.821505
0.808801
0.801723
0.791306
0.782016
0.772759
0.760633
0.74789
0.734838
0.719744
0.702691
0.685781
0.66575
0.641646
0.616447
0.596872
0.582156
0.569314
0.550799
0.529409
0.511064
0.496263
0.48078
0.466698
0.455742
0.442223
0.42966
0.414522
0.396758
0.380222
0.366396
0.351981
0.338965
0.328535
0.315907
0.301532
0.287247
0.272884
0.261481
0.249435
0.236393
0.225159
0.21621
0.207405
0.196446
0.186737
0.177719
0.168659
0.159592
0.14967
0.139772
0.131471
0.121896
0.112711
0.102184
0.0943832
0.0844114
0.0761942
0.0697316
0.0650235
0.0620701
0.0608714
0.0614272
0.0637375
0.0678025
0.0736221
0.0811962
0.0905249
0.0995823
0.111199
0.124165
0.13738
0.151575
0.167596
0.18626
0.206407
0.228248
0.251731
0.275044
0.30128
0.333334
0.366884
0.398152
0.430487
0.464511
0.49864
0.535991
0.570794
0.603393
0.6375
0.671228
0.700073
0.724909
0.75002
0.774295
0.797701
0.822384
0.845184
0.863006
0.877274
0.902266
0.917062
0.930645
0.943015
0.954172
0.964116
0.972847
0.980365
0.986671
0.991762
0.995641
0.998306
0.99976
1
0.999026
0.996841
0.993441
0.988829
0.983003
0.975965
0.967714
0.95825
0.947572
0.935682
0.922578
0.920392
0.911865
0.899601
0.880511
0.85835
0.845314
0.834205
0.821505
0.808801
0.801723
0.791306
0.782016
0.772759
0.760633
0.74789
0.734838
0.719744
0.702691
0.685781
0.66575
0.641646
0.616447
0.596872
0.582156
0.569314
0.550799
0.529409
0.511064
0.496263
0.48078
0.466698
0.455742
0.442223
0.42966
0.414522
0.396758
0.380222
0.366396
0.351981
0.338965
0.328535
0.315907
0.301532
0.287247
0.272884
0.261481
0.249435
0.236393
0.225159
0.21621
0.207405
0.196446
0.186737
0.177719
0.168659
0.159592
0.14967
0.139772
0.131471
0.121896
0.112711
0.102184
0.0943832
0.0844114
0.0761942
0.0697316
0.0650235
0.0620701
0.0608714
0.0614272
0.0637375
0.0678025
0.0736221
0.0811962
0.0905249
0.0995823
0.111199
0.124165
0.13738
0.151575
0.167596
0.18626
0.206407
0.228248
0.251731
0.275044
0.30128
0.333334
0.366884
0.398152
0.430487
0.464511
0.49864
0.535991
0.570794
0.603393
0.6375
0.671228
0.700073
0.724909
0.75002
0.774295
0.797701
0.822384
0.845184
0.863006
0.877274
0.902266
0.917062
0.930645
0.943015
0.954172
0.964116
0.972847
0.980365
0.986671
0.991762
0.995641
0.998306
0.99976
1
0.999026
0.996841
0.993441
0.988829
0.983003
0.975965
0.967714
0.95825
0.947572
0.935682
0.922578
0.920392
0.911865
0.899601
0.880511
0.85835
0.845314
0.834205
0.821505
0.808801
0.801723
0.791306
0.782016
0.772759
0.760633
0.74789
0.734838
0.719744
0.702691
0.685781
0.66575
0.641646
0.616447
0.596872
0.582156
0.569314
0.550799
0.529409
0.511064
0.496263
0.48078
0.466698
0.455742
0.442223
0.42966
0.414522
0.396758
0.380222
0.366396
0.351981
0.338965
0.328535
0.315907
0.301532
0.287247
0.272884
0.261481
0.249435
0.236393
0.225159
0.21621
0.207405
0.196446
0.186737
0.177719
0.168659
0.159592
0.14967
0.139772
0.131471
0.121896
0.112711
0.102184
0.0943832
0.0844114
0.0761942
0.0697316
0.0650235
0.0620701
0.0608714
0.0614272
0.0637375
0.0678025
0.0736221
0.0811962
0.0905249
0.0995823
0.111199
0.124165
0.13738
0.151575
0.167596
0.18626
0.206407
0.228248
0.251731
0.275044
0.30128
0.333334
0.366884
0.398152
0.430487
0.464511
0.49864
0.535991
0.570794
0.603393
0.6375
0.671228
0.700073
0.724909
0.75002
0.774295
0.797701
0.822384
0.845184
0.863006
0.877274
0.902266
0.917062
0.930645
0.943015
0.954172
0.964116
0.972847
0.980365
0.986671
0.991762
0.995641
0.998306
0.99976
1
0.999026
0.996841
0.993441
0.988829
0.983003
0.975965
0.967714
0.95825
0.947572
0.935682
0.922578
0.920392
0.911865
0.899601
0.880511
0.85835
0.845314
0.834205
0.821505
0.808801
0.801723
0.791306
0.782016
0.772759
0.760633
0.74789
0.734838
0.719744
0.702691
0.685781
0.66575
0.641646
0.616447
0.596872
0.582156
0.569314
0.550799
0.529409
0.511064
0.496263
0.48078
0.466698
0.455742
0.442223
0.42966
0.414522
0.396758
0.380222
0.366396
0.351981
0.338965
0.328535
0.315907
0.301532
0.287247
0.272884
0.261481
0.249435
0.236393
0.225159
0.21621
0.207405
0.196446
0.186737
0.177719
0.168659
0.159592
0.14967
0.139772
0.131471
0.121896
0.112711
0.102184
0.0943832
0.0844114
0.0761942
0.0697316
0.0650235
0.0620701
0.0608714
0.0614272
0.0637375
0.0678025
0.0736221
0.0811962
0.0905249
0.0995823
0.111199
0.124165
0.13738
0.151575
0.167596
0.18626
0.206407
0.228248
0.251731
0.275044
0.30128
0.333334
0.366884
0.398152
0.430487
0.464511
0.49864
0.535991
0.570794
0.603393
0.6375
0.671228
0.700073
0.724909
0.75002
0.774295
0.797701
0.822384
0.845184
0.863006
0.877274
0.902266
0.917062
0.930645
0.943015
0.954172
0.964116
0.972847
0.980365
0.986671
0.991762
0.995641
0.998306
0.99976
1
0.999026
0.996841
0.993441
0.988829
0.983003
0.975965
0.967714
0.95825
0.947572
0.935682
0.922578
0.920392
0.911865
0.899601
0.880511
0.85835
0.845314
0.834205
0.821505
0.808801
0.801723
0.791306
0.782016
0.772759
0.760633
0.74789
0.734838
0.719744
0.702691
0.685781
0.66575
0.641646
0.616447
0.596872
0.582156
0.569314
0.550799
0.529409
0.511064
0.496263
0.48078
0.466698
0.455742
0.442223
0.42966
0.414522
0.396758
0.380222
0.366396
0.351981
0.338965
0.328535
0.315907
0.301532
0.287247
0.272884
0.261481
0.249435
0.236393
0.225159
0.21621
0.207405
0.196446
0.186737
0.177719
0.168659
0.159592
0.14967
0.139772
0.131471
0.121896
0.112711
0.102184
0.0943832
0.0844114
0.0761942
0.0697316
0.0650235
0.0620701
0.0608714
0.0614272
0.0637375
0.0678025
0.0736221
0.0811962
0.0905249
0.0995823
0.111199
0.124165
0.13738
0.151575
0.167596
0.18626
0.206407
0.228248
0.251731
0.275044
0.30128
0.333334
0.366884
0.398152
0.430487
0.464511
0.49864
0.535991
0.570794
0.603393
0.6375
0.671228
0.700073
0.724909
0.75002
0.774295
0.797701
0.822384
0.845184
0.863006
0.877274
0.902266
0.917062
0.930645
0.943015
0.954172
0.964116
0.972847
0.980365
0.986671
0.991762
0.995641
0.998306
0.99976
1
0.999026
0.996841
0.993441
0.988829
0.983003
0.975965
0.967714
0.95825
0.947572
0.935682
0.922578
0.920392
0.911865
0.899601
0.880511
0.85835
0.845314
0.834205
0.821505
0.808801
0.801723
0.791306
0.782016
0.772759
0.760633
0.74789
0.734838
0.719744
0.702691
0.685781
0.66575
0.641646
0.616447
0.596872
0.582156
0.569314
0.550799
0.529409
0.511064
0.496263
0.48078
0.466698
0.455742
0.442223
0.42966
0.414522
0.396758
0.380222
0.366396
0.351981
0.338965
0.328535
0.315907
0.301532
0.287247
0.272884
0.261481
0.249435
0.236393
0.225159
0.21621
0.207405
0.196446
0.186737
0.177719
0.168659
0.159592
0.14967
0.139772
0.131471
0.121896
0.112711
0.102184
0.0943832
0.0844114
0.0761942
0.0697316
0.0650235
0.0620701
0.0608714
0.0614272
0.0637375
0.0678025
0.0736221
0.0811962
0.0905249
0.0995823
0.111199
0.124165
0.13738
0.151575
0.167596
0.18626
0.206407
0.228248
0.251731
0.275044
0.30128
0.333334
0.366884
0.398152
0.430487
0.464511
0.49864
0.535991
0.570794
0.603393
0.6375
0.671228
0.700073
0.724909
0.75002
0.774295
0.797701
0.822384
0.845184
0.863006
0.877274
0.902266
0.917062
0.930645
0.943015
0.954172
0.964116
0.972847
0.980365
0.986671
0.991762
0.995641
0.998306
0.99976
1
0.999026
0.996841
0.993441
0.988829
0.983003
0.975965
0.967714
0.95825
0.947572
0.935682
0.922578
0.920392
0.911865
0.899601
0.880511
0.85835
0.845314
0.834205
0.821505
0.808801
0.801723
0.791306
0.782016
0.772759
0.760633
0.74789
0.734838
0.719744
0.702691
0.685781
0.66575
0.641646
0.616447
0.596872
0.582156
0.569314
0.550799
0.529409
0.511064
0.496263
0.48078
0.466698
0.455742
0.442223
0.42966
0.414522
0.396758
0.380222
0.366396
0.351981
0.338965
0.328535
0.315907
0.301532
0.287247
0.272884
0.261481
0.249435
0.236393
0.225159
0.21621
0.207405
0.196446
0.186737
0.177719
0.168659
0.159592
0.14967
0.139772
0.131471
0.121896
0.112711
0.102184
0.0943832
0.0844114
0.0761942
0.0697316
0.0650235
0.0620701
0.0608714
0.0614272
0.0637375
0.0678025
0.0736221
0.0811962
0.0905249
0.0995823
0.111199
0.124165
0.13738
0.151575
0.167596
0.18626
0.206407
0.228248
0.251731
0.275044
0.30128
0.333334
0.366884
0.398152
0.430487
0.464511
0.49864
0.535991
0.570794
0.603393
0.6375
0.671228
0.700073
0.724909
0.75002
0.774295
0.797701
0.822384
0.845184
0.863006
0.877274
0.902266
0.917062
0.930645
0.943015
0.954172
0.964116
0.972847
0.980365
0.986671
0.991762
0.995641
0.998306
0.99976
1
0.999026
0.996841
0.993441
0.988829
0.983003
0.975965
0.967714
0.95825
0.947572
0.935682
0.922578
0.920392
0.911865
0.899601
0.880511
0.85835
0.845314
0.834205
0.821505
0.808801
0.801723
0.791306
0.782016
0.772759
0.760633
0.74789
0.734838
0.719744
0.702691
0.685781
0.66575
0.641646
0.616447
0.596872
0.582156
0.569314
0.550799
0.529409
0.511064
0.496263
0.48078
0.466698
0.455742
0.442223
0.42966
0.414522
0.396758
0.380222
0.366396
0.351981
0.338965
0.328535
0.315907
0.301532
0.287247
0.272884
0.261481
0.249435
0.236393
0.225159
0.21621
0.207405
0.196446
0.186737
0.177719
0.168659
0.159592
0.14967
0.139772
0.131471
0.121896
0.112711
0.102184
0.0943832
0.0844114
0.0761942
0.0697316
0.0650235
0.0620701
0.0608714
0.0614272
0.0637375
0.0678025
0.0736221
0.0811962
0.0905249
0.0995823
0.111199
0.124165
0.13738
0.151575
0.167596
0.18626
0.206407
0.228248
0.251731
0.275044
0.30128
0.333334
0.366884
0.398152
0.430487
0.464511
0.49864
0.535991
0.570794
0.603393
0.6375
0.671228
0.700073
0.724909
0.75002
0.774295
0.797701
0.822384
0.845184
0.863006
0.877274
0.902266
0.917062
0.930645
0.943015
0.954172
0.964116
0.972847
0.980365
0.986671
0.991762
0.995641
0.998306
0.99976
1
0.999026
0.996841
0.993441
0.988829
0.983003
0.975965
0.967714
0.95825
0.947572
0.935682
0.922578
0.920392
0.911865
0.899601
0.880511
0.85835
0.845314
0.834205
0.821505
0.808801
0.801723
0.791306
0.782016
0.772759
0.760633
0.74789
0.734838
0.719744
0.702691
0.685781
0.66575
0.641646
0.616447
0.596872
0.582156
0.569314
0.550799
0.529409
0.511064
0.496263
0.48078
0.466698
0.455742
0.442223
0.42966
0.414522
0.396758
0.380222
0.366396
0.351981
0.338965
0.328535
0.315907
0.301532
0.287247
0.272884
0.261481
0.249435
0.236393
0.225159
0.21621
0.207405
0.196446
0.186737
0.177719
0.168659
0.159592
0.14967
0.139772
0.131471
0.121896
0.112711
0.102184
0.0943832
0.0844114
0.0761942
0.0697316
0.0650235
0.0620701
0.0608714
0.0614272
0.0637375
0.0678025
0.0736221
0.0811962
0.0905249
0.0995823
0.111199
0.124165
0.13738
0.151575
0.167596
0.18626
0.206407
0.228248
0.251731
0.275044
0.30128
0.333334
0.366884
0.398152
0.430487
0.464511
0.49864
0.535991
0.570794
0.603393
0.6375
0.671228
0.700073
0.724909
0.75002
0.774295
0.797701
0.822384
0.845184
0.863006
0.877274
0.902266
0.917062
0.930645
0.943015
0.954172
0.964116
0.972847
0.980365
0.986671
0.991762
0.995641
0.998306
0.99976
1
0.999026
0.996841
0.993441
0.988829
0.983003
0.975965
0.967714
0.95825
0.947572
0.935682
0.922578
0.920392
0.911865
0.899601
0.880511
0.85835
0.845314
0.834205
0.821505
0.808801
0.801723
0.791306
0.782016
0.772759
0.760633
0.74789
0.734838
0.719744
0.702691
0.685781
0.66575
0.641646
0.616447
0.596872
0.582156
0.569314
0.550799
0.529409
0.511064
0.496263
0.48078
0.466698
0.455742
0.442223
0.42966
0.414522
0.396758
0.380222
0.366396
0.351981
0.338965
0.328535
0.315907
0.301532
0.287247
0.272884
0.261481
0.249435
0.236393
0.225159
0.21621
0.207405
0.196446
0.186737
0.177719
0.168659
0.159592
0.14967
0.139772
0.131471
0.121896
0.112711
0.102184
0.0943832
0.0844114
0.0761942
0.0697316
0.0650235
0.0620701
0.0608714
0.0614272
0.0637375
0.0678025
0.0736221
0.0811962
0.0905249
0.0995823
0.111199
0.124165
0.13738
0.151575
0.167596
0.18626
0.206407
0.228248
0.251731
0.275044
0.30128
0.333334
0.366884
0.398152
0.430487
0.464511
0.49864
0.535991
0.570794
0.603393
0.6375
0.671228
0.700073
0.724909
0.75002
0.774295
0.797701
0.822384
0.845184
0.863006
0.877274
0.902266
0.917062
0.930645
0.943015
0.954172
0.964116
0.972847
0.980365
0.986671
0.991762
0.995641
0.998306
0.99976
1
0.999026
0.996841
0.993441
0.988829
0.983003
0.975965
0.967714
0.95825
0.947572
0.935682
0.922578
0.920392
0.911865
0.899601
0.880511
0.85835
0.845314
0.834205
0.821505
0.808801
0.801723
0.791306
0.782016
0.772759
0.760633
0.74789
0.734838
0.719744
0.702691
0.685781
0.66575
0.641646
0.616447
0.596872
0.582156
0.569314
0.550799
0.529409
0.511064
0.496263
0.48078
0.466698
0.455742
0.442223
0.42966
0.414522
0.396758
0.380222
0.366396
0.351981
0.338965
0.328535
0.315907
0.301532
0.287247
0.272884
0.261481
0.249435
0.236393
0.225159
0.21621
0.207405
0.196446
0.186737
0.177719
0.168659
0.159592
0.14967
0.139772
0.131471
0.121896
0.112711
0.102184
0.0943832
0.0844114
0.0761942
0.0697316
0.0650235
0.0620701
0.0608714
0.0614272
0.0637375
0.0678025
0.0736221
0.0811962
0.0905249
0.0995823
0.111199
0.124165
0.13738
0.151575
0.167596
0.18626
0.206407
0.228248
0.251731
0.275044
0.30128
0.333334
0.366884
0.398152
0.430487
0.464511
0.49864
0.535991
0.570794
0.603393
0.6375
0.671228
0.700073
0.724909
0.75002
0.774295
0.797701
0.822384
0.845184
0.863006
0.877274
0.902266
0.917062
0.930645
0.943015
0.954172
0.964116
0.972847
0.980365
0.986671
0.991762
0.995641
0.998306
0.99976
1
0.999026
0.996841
0.993441
0.988829
0.983003
0.975965
0.967714
0.95825
0.947572
0.935682
0.922578
0.920392
0.911865
0.899601
0.880511
0.85835
0.845314
0.834205
0.821505
0.808801
0.801723
0.791306
0.782016
0.772759
0.760633
0.74789
0.734838
0.719744
0.702691
0.685781
0.66575
0.641646
0.616447
0.596872
0.582156
0.569314
0.550799
0.529409
0.511064
0.496263
0.48078
0.466698
0.455742
0.442223
0.42966
0.414522
0.396758
0.380222
0.366396
0.351981
0.338965
0.328535
0.315907
0.301532
0.287247
0.272884
0.261481
0.249435
0.236393
0.225159
0.21621
0.207405
0.196446
0.186737
0.177719
0.168659
0.159592
0.14967
0.139772
0.131471
0.121896
0.112711
0.102184
0.0943832
0.0844114
0.0761942
0.0697316
0.0650235
0.0620701
0.0608714
0.0614272
0.0637375
0.0678025
0.0736221
0.0811962
0.0905249
0.0995823
0.111199
0.124165
0.13738
0.151575
0.167596
0.18626
0.206407
0.228248
0.251731
0.275044
0.30128
0.333334
0.366884
0.398152
0.430487
0.464511
0.49864
0.535991
0.570794
0.603393
0.6375
0.671228
0.700073
0.724909
0.75002
0.774295
0.797701
0.822384
0.845184
0.863006
0.877274
0.902266
0.917062
0.930645
0.943015
0.954172
0.964116
0.972847
0.980365
0.986671
0.991762
0.995641
0.998306
0.99976
1
0.999026
0.996841
0.993441
0.988829
0.983003
0.975965
0.967714
0.95825
0.947572
0.935682
0.922578
0.920392
0.911865
0.899601
0.880511
0.85835
0.845314
0.834205
0.821505
0.808801
0.801723
0.791306
0.782016
0.772759
0.760633
0.74789
0.734838
0.719744
0.702691
0.685781
0.66575
0.641646
0.616447
0.596872
0.582156
0.569314
0.550799
0.529409
0.511064
0.496263
0.48078
0.466698
0.455742
0.442223
0.42966
0.414522
0.396758
0.380222
0.366396
0.351981
0.338965
0.328535
0.315907
0.301532
0.287247
0.272884
0.261481
0.249435
0.236393
0.225159
0.21621
0.207405
0.196446
0.186737
0.177719
0.168659
0.159592
0.14967
0.139772
0.131471
0.121896
0.112711
0.102184
0.0943832
0.0844114
0.0761942
0.0697316
0.0650235
0.0620701
0.0608714
0.0614272
0.0637375
0.0678025
0.0736221
0.0811962
0.0905249
0.0995823
0.111199
0.124165
0.13738
0.151575
0.167596
0.18626
0.206407
0.228248
0.251731
0.275044
0.30128
0.333334
0.366884
0.398152
0.430487
0.464511
0.49864
0.535991
0.570794
0.603393
0.6375
0.671228
0.700073
0.724909
0.75002
0.774295
0.797701
0.822384
0.845184
0.863006
0.877274
0.902266
0.917062
0.930645
0.943015
0.954172
0.964116
0.972847
0.980365
0.986671
0.991762
0.995641
0.998306
0.99976
1
0.999026
0.996841
0.993441
0.988829
0.983003
0.975965
0.967714
0.95825
0.947572
0.935682
0.922578
0.920392
0.911865
0.899601
0.880511
0.85835
0.845314
0.834205
0.821505
0.808801
0.801723
0.791306
0.782016
0.772759
0.760633
0.74789
0.734838
0.719744
0.702691
0.685781
0.66575
0.641646
0.616447
0.596872
0.582156
0.569314
0.550799
0.529409
0.511064
0.496263
0.48078
0.466698
0.455742
0.442223
0.42966
0.414522
0.396758
0.380222
0.366396
0.351981
0.338965
0.328535
0.315907
0.301532
0.287247
0.272884
0.261481
0.249435
0.236393
0.225159
0.21621
0.207405
0.196446
0.186737
0.177719
0.168659
0.159592
0.14967
0.139772
0.131471
0.121896
0.112711
0.102184
0.0943832
0.0844114
0.0761942
0.0697316
0.0650235
0.0620701
0.0608714
0.0614272
0.0637375
0.0678025
0.0736221
0.0811962
0.0905249
0.0995823
0.111199
0.124165
0.13738
0.151575
0.167596
0.18626
0.206407
0.228248
0.251731
0.275044
0.30128
0.333334
0.366884
0.398152
0.430487
0.464511
0.49864
0.535991
0.570794
0.603393
0.6375
0.671228
0.700073
0.724909
0.75002
0.774295
0.797701
0.822384
0.845184
0.863006
0.877274
0.902266
0.917062
0.930645
0.943015
0.954172
0.964116
0.972847
0.980365
0.986671
0.991762
0.995641
0.998306
0.99976
1
0.999026
0.996841
0.993441
0.988829
0.983003
0.975965
0.967714
0.95825
0.947572
0.935682
0.922578
0.920392
0.911865
0.899601
0.880511
0.85835
0.845314
0.834205
0.821505
0.808801
0.801723
0.791306
0.782016
0.772759
0.760633
0.74789
0.734838
0.719744
0.702691
0.685781
0.66575
0.641646
0.616447
0.596872
0.582156
0.569314
0.550799
0.529409
0.511064
0.496263
0.48078
0.466698
0.455742
0.442223
0.42966
0.414522
0.396758
0.380222
0.366396
0.351981
0.338965
0.328535
0.315907
0.301532
0.287247
0.272884
0.261481
0.249435
0.236393
0.225159
0.21621
0.207405
0.196446
0.186737
0.177719
0.168659
0.159592
0.14967
0.139772
0.131471
0.121896
0.112711
0.102184
0.0943832
0.0844114
0.0761942
0.0697316
0.0650235
0.0620701
0.0608714
