0	1	0	0.117901
1	1	1	0.118697
2	1	2	0.12007
3	1	3	0.122018
4	1	4	0.124545
5	1	5	0.127647
6	1	6	0.131326
7	1	7	0.135582
8	1	8	0.138829
9	1	9	0.130706
10	1	10	0.130706
11	1	11	0.130706
12	1	12	0.126276
13	1	13	0.134399
14	1	14	0.152122
15	1	15	0.173537
16	1	16	0.197167
17	1	17	0.210459
18	1	18	0.220798
19	1	19	0.255505
20	1	20	0.292428
21	1	21	0.316058
22	1	22	0.350027
23	1	23	0.38695
24	1	24	0.411319
25	1	25	0.43938
26	1	26	0.466703
27	1	27	0.499934
28	1	28	0.525779
29	1	29	0.546456
30	1	30	0.573041
31	1	31	0.575994
32	1	32	0.581164
33	1	33	0.595933
34	1	34	0.587071
35	1	35	0.581164
36	1	36	0.591502
37	1	37	0.592979
38	1	38	0.58781
39	1	39	0.573041
40	1	40	0.561964
41	1	41	0.565656
42	1	42	0.571564
43	1	43	0.59224
44	1	44	0.616609
45	1	45	0.635071
46	1	46	0.648363
47	1	47	0.657224
48	1	48	0.674209
49	1	49	0.691932
50	1	50	0.714085
51	1	51	0.734024
52	1	52	0.751746
53	1	53	0.762823
54	1	54	0.769469
55	1	55	0.779069
56	1	56	0.773162
57	1	57	0.760608
58	1	58	0.762823
59	1	59	0.70591
60	1	60	0.754331
61	1	61	0.798409
62	1	62	0.838138
63	1	63	0.87351
64	1	64	0.90454
65	1	65	0.931228
66	1	66	0.953559
67	1	67	0.97154
68	1	68	0.985179
69	1	69	0.994469
70	1	70	0.999409
71	1	71	1
72	1	72	0.996241
73	1	73	0.98814
74	1	74	0.975683
75	1	75	0.958883
76	1	76	0.937734
77	1	77	0.912235
78	1	78	0.882386
79	1	79	0.848189
80	1	80	0.809649
81	1	81	0.766759
82	1	82	0.719517
83	1	83	0.667928
84	1	84	0.759131
85	1	85	0.744362
86	1	86	0.717778
87	1	87	0.697839
88	1	88	0.680116
89	1	89	0.655747
90	1	90	0.644671
91	1	91	0.634332
92	1	92	0.612917
93	1	93	0.600363
94	1	94	0.580425
95	1	95	0.563441
96	1	96	0.556795
97	1	97	0.573041
98	1	98	0.590025
99	1	99	0.593717
100	1	100	0.600363
101	1	101	0.603317
102	1	102	0.588548
103	1	103	0.577471
104	1	104	0.55901
105	1	105	0.529472
106	1	106	0.502149
107	1	107	0.465965
108	1	108	0.429042
109	1	109	0.393596
110	1	110	0.368489
111	1	111	0.354458
112	1	112	0.335258
113	1	113	0.318274
114	1	114	0.311628
115	1	115	0.309412
116	1	116	0.303505
117	1	117	0.289474
118	1	118	0.276182
119	1	119	0.263628
120	1	120	0.251074
121	1	121	0.237044
122	1	122	0.235567
123	1	123	0.233352
124	1	124	0.228182
125	1	125	0.221496
126	1	126	0.196786
127	1	127	0.176832
128	1	128	0.161632
129	1	129	0.151188
130	1	130	0.1455
131	1	131	0.144566
132	2	0	0.107887
133	2	1	0.112989
134	2	2	0.120292
135	2	3	0.129795
136	2	4	0.141498
137	2	5	0.155401
138	2	6	0.171818
139	2	7	0.181289
140	2	8	0.195577
141	2	9	0.215247
142	2	10	0.238285
143	2	11	0.262006
144	2	12	0.288802
145	2	13	0.314574
146	2	14	0.336147
147	2	15	0.354743
148	2	16	0.372851
149	2	17	0.384712
150	2	18	0.389544
151	2	19	0.402576
152	2	20	0.424833
153	2	21	0.451776
154	2	22	0.474618
155	2	23	0.492189
156	2	24	0.509761
157	2	25	0.528796
158	2	26	0.549296
159	2	27	0.57126
160	2	28	0.600252
161	2	29	0.624559
162	2	30	0.636273
163	2	31	0.616523
164	2	32	0.58696
165	2	33	0.634442
166	2	34	0.678432
167	2	35	0.719701
168	2	36	0.758249
169	2	37	0.794077
170	2	38	0.827188
171	2	39	0.857186
172	2	40	0.88408
173	2	41	0.908252
174	2	42	0.929705
175	2	43	0.94844
176	2	44	0.964452
177	2	45	0.976971
178	2	46	0.986768
179	2	47	0.993844
180	2	48	0.9982
181	2	49	0.999837
182	2	50	0.99837
183	2	51	0.993791
184	2	52	0.986491
185	2	53	0.976472
186	2	54	0.963733
187	2	55	0.948275
188	2	56	0.92932
189	2	57	0.907646
190	2	58	0.883251
191	2	59	0.856138
192	2	60	0.826304
193	2	61	0.793362
194	2	62	0.767891
195	2	63	0.779332
196	2	64	0.811888
197	2	65	0.839855
198	2	66	0.838098
199	2	67	0.804274
200	2	68	0.780016
201	2	69	0.767521
202	2	70	0.759321
203	2	71	0.745508
204	2	72	0.733647
205	2	73	0.748339
206	2	74	0.776599
207	2	75	0.799051
208	2	76	0.806665
209	2	77	0.81018
210	2	78	0.783383
211	2	79	0.735404
212	2	80	0.702605
213	2	81	0.692794
214	2	82	0.692941
215	2	83	0.676687
216	2	84	0.658091
217	2	85	0.641545
218	2	86	0.623437
219	2	87	0.601424
220	2	88	0.577703
221	2	89	0.544757
222	2	90	0.527527
223	2	91	0.515276
224	2	92	0.501658
225	2	93	0.485551
226	2	94	0.477644
227	2	95	0.45568
228	2	96	0.428738
229	2	97	0.404089
230	2	98	0.383736
231	2	99	0.361333
232	2	100	0.339369
233	2	101	0.324579
234	2	102	0.314037
235	2	103	0.311108
236	2	104	0.320284
237	2	105	0.332584
238	2	106	0.338246
239	2	107	0.344249
240	2	108	0.349277
241	2	109	0.350985
242	2	110	0.34791
243	2	111	0.343078
244	2	112	0.335513
245	2	113	0.325946
246	2	114	0.315257
247	2	115	0.303689
248	2	116	0.287436
249	2	117	0.265716
250	2	118	0.236284
251	2	119	0.203143
252	2	120	0.172003
253	2	121	0.148721
254	2	122	0.124121
255	2	123	0.101677
256	2	124	0.0886064
257	2	125	0.0829419
258	2	126	0.0782079
259	2	127	0.0745364
260	2	128	0.0719282
261	2	129	0.0702497
262	2	130	0.0695014
263	2	131	0.0568117
264	3	0	0.0507816
265	3	1	0.0524524
266	3	2	0.0548063
267	3	3	0.0578431
268	3	4	0.0615629
269	3	5	0.065966
270	3	6	0.0710997
271	3	7	0.070976
272	3	8	0.0734291
273	3	9	0.0784239
274	3	10	0.0853794
275	3	11	0.0938082
276	3	12	0.103667
277	3	13	0.11494
278	3	14	0.127036
279	3	15	0.138546
280	3	16	0.149612
281	3	17	0.162829
282	3	18	0.186362
283	3	19	0.216532
284	3	20	0.246429
285	3	21	0.2776
286	3	22	0.313101
287	3	23	0.35317
288	3	24	0.394815
289	3	25	0.434243
290	3	26	0.475174
291	3	27	0.522323
292	3	28	0.577145
293	3	29	0.628546
294	3	30	0.676194
295	3	31	0.720678
296	3	32	0.761998
297	3	33	0.800154
298	3	34	0.835146
299	3	35	0.866496
300	3	36	0.894314
301	3	37	0.918965
302	3	38	0.940454
303	3	39	0.95878
304	3	40	0.973942
305	3	41	0.985237
306	3	42	0.993225
307	3	43	0.998047
308	3	44	0.999705
309	3	45	0.9982
310	3	46	0.993455
311	3	47	0.984777
312	3	48	0.972933
313	3	49	0.957923
314	3	50	0.93975
315	3	51	0.918413
316	3	52	0.893617
317	3	53	0.865109
318	3	54	0.833434
319	3	55	0.798595
320	3	56	0.780881
321	3	57	0.806112
322	3	58	0.797526
323	3	59	0.774804
324	3	60	0.75357
325	3	61	0.735887
326	3	62	0.719697
327	3	63	0.70171
328	3	64	0.688672
329	3	65	0.671479
330	3	66	0.653159
331	3	67	0.638227
332	3	68	0.627812
333	3	69	0.613501
334	3	70	0.591459
335	3	71	0.568471
336	3	72	0.555234
337	3	73	0.552305
338	3	74	0.551494
339	3	75	0.536547
340	3	76	0.520726
341	3	77	0.51134
342	3	78	0.508758
343	3	79	0.509715
344	3	80	0.508612
345	3	81	0.501616
346	3	82	0.488586
347	3	83	0.47045
348	3	84	0.454999
349	3	85	0.447016
350	3	86	0.442996
351	3	87	0.428049
352	3	88	0.410535
353	3	89	0.396201
354	3	90	0.385293
355	3	91	0.374422
356	3	92	0.357249
357	3	93	0.333337
358	3	94	0.311321
359	3	95	0.294489
360	3	96	0.282921
361	3	97	0.27479
362	3	98	0.27002
363	3	99	0.261784
364	3	100	0.252976
365	3	101	0.244999
366	3	102	0.23844
367	3	103	0.233238
368	3	104	0.231012
369	3	105	0.226344
370	3	106	0.218397
371	3	107	0.208719
372	3	108	0.200191
373	3	109	0.196352
374	3	110	0.189991
375	3	111	0.1816
376	3	112	0.174003
377	3	113	0.167205
378	3	114	0.160051
379	3	115	0.152101
380	3	116	0.144454
381	3	117	0.134931
382	3	118	0.124755
383	3	119	0.115395
384	3	120	0.107728
385	3	121	0.0997775
386	3	122	0.092399
387	3	123	0.0837718
388	3	124	0.0751563
389	3	125	0.0690645
390	3	126	0.067954
391	3	127	0.0643369
392	3	128	0.0616928
393	3	129	0.0599581
394	3	130	0.0591328
395	3	131	0.0487257
396	4	0	0.0678876
397	4	1	0.0719437
398	4	2	0.0783608
399	4	3	0.0871382
400	4	4	0.0982766
401	4	5	0.112169
402	4	6	0.131068
403	4	7	0.154692
404	4	8	0.170215
405	4	9	0.188995
406	4	10	0.216677
407	4	11	0.252826
408	4	12	0.303521
409	4	13	0.34119
410	4	14	0.376687
411	4	15	0.427817
412	4	16	0.482855
413	4	17	0.537567
414	4	18	0.601614
415	4	19	0.66436
416	4	20	0.705611
417	4	21	0.736657
418	4	22	0.768139
419	4	23	0.799945
420	4	24	0.849855
421	4	25	0.878783
422	4	26	0.904701
423	4	27	0.927611
424	4	28	0.947511
425	4	29	0.963905
426	4	30	0.977288
427	4	31	0.987665
428	4	32	0.995033
429	4	33	0.998889
430	4	34	0.999737
431	4	35	0.997579
432	4	36	0.99241
433	4	37	0.983733
434	4	38	0.972045
435	4	39	0.957351
436	4	40	0.939652
437	4	41	0.918438
438	4	42	0.894217
439	4	43	0.866987
440	4	44	0.867575
441	4	45	0.842282
442	4	46	0.846081
443	4	47	0.851835
444	4	48	0.848904
445	4	49	0.838374
446	4	50	0.817206
447	4	51	0.794735
448	4	52	0.76727
449	4	53	0.744256
450	4	54	0.72667
451	4	55	0.707782
452	4	56	0.669136
453	4	57	0.634181
454	4	58	0.599443
455	4	59	0.577081
456	4	60	0.563186
457	4	61	0.547445
458	4	62	0.535613
459	4	63	0.516941
460	4	64	0.502395
461	4	65	0.489368
462	4	66	0.480684
463	4	67	0.474605
464	4	68	0.470697
465	4	69	0.466246
466	4	70	0.460927
467	4	71	0.452351
468	4	72	0.447683
469	4	73	0.449528
470	4	74	0.445512
471	4	75	0.439215
472	4	76	0.433788
473	4	77	0.429445
474	4	78	0.420978
475	4	79	0.409254
476	4	80	0.400787
477	4	81	0.397096
478	4	82	0.381247
479	4	83	0.360513
480	4	84	0.349549
481	4	85	0.340973
482	4	86	0.332831
483	4	87	0.323061
484	4	88	0.308298
485	4	89	0.30135
486	4	90	0.297225
487	4	91	0.294728
488	4	92	0.293968
489	4	93	0.285175
490	4	94	0.290494
491	4	95	0.290929
492	4	96	0.281376
493	4	97	0.269652
494	4	98	0.256625
495	4	99	0.240342
496	4	100	0.220585
497	4	101	0.207124
498	4	102	0.203433
499	4	103	0.190623
500	4	104	0.164136
501	4	105	0.152955
502	4	106	0.147418
503	4	107	0.149047
504	4	108	0.151543
505	4	109	0.145356
506	4	110	0.144813
507	4	111	0.138734
508	4	112	0.136346
509	4	113	0.126359
510	4	114	0.116806
511	4	115	0.107578
512	4	116	0.095963
513	4	117	0.0810909
514	4	118	0.0703439
515	4	119	0.0648076
516	4	120	0.0577515
517	4	121	0.0542777
518	4	122	0.0492842
519	4	123	0.0472216
520	4	124	0.0425537
521	4	125	0.0392971
522	4	126	0.042864
523	4	127	0.0399998
524	4	128	0.0335912
525	4	129	0.0290259
526	4	130	0.0260405
527	4	131	0.0246349
528	5	0	0.0708386
529	5	1	0.0753768
530	5	2	0.0833782
531	5	3	0.0948425
532	5	4	0.10977
533	5	5	0.125855
534	5	6	0.14123
535	5	7	0.155939
536	5	8	0.160429
537	5	9	0.156559
538	5	10	0.15592
539	5	11	0.151055
540	5	12	0.142132
541	5	13	0.143785
542	5	14	0.145701
543	5	15	0.134524
544	5	16	0.120641
545	5	17	0.115325
546	5	18	0.131424
547	5	19	0.162946
548	5	20	0.19507
549	5	21	0.217819
550	5	22	0.233505
551	5	23	0.262904
552	5	24	0.308046
553	5	25	0.347195
554	5	26	0.380934
555	5	27	0.423859
556	5	28	0.475989
557	5	29	0.505802
558	5	30	0.528514
559	5	31	0.561351
560	5	32	0.599749
561	5	33	0.642242
562	5	34	0.681879
563	5	35	0.711711
564	5	36	0.744698
565	5	37	0.773741
566	5	38	0.794968
567	5	39	0.816159
568	5	40	0.841331
569	5	41	0.86641
570	5	42	0.889761
571	5	43	0.915478
572	5	44	0.93154
573	5	45	0.930845
574	5	46	0.93045
575	5	47	0.935147
576	5	48	0.933381
577	5	49	0.913468
578	5	50	0.895584
579	5	51	0.885196
580	5	52	0.875859
581	5	53	0.861413
582	5	54	0.843773
583	5	55	0.855289
584	5	56	0.882058
585	5	57	0.889479
586	5	58	0.88281
587	5	59	0.885459
588	5	60	0.913656
589	5	61	0.938828
590	5	62	0.936612
591	5	63	0.920193
592	5	64	0.908667
593	5	65	0.927198
594	5	66	0.947506
595	5	67	0.964333
596	5	68	0.977893
597	5	69	0.988186
598	5	70	0.995212
599	5	71	0.998971
600	5	72	0.999463
601	5	73	0.996689
602	5	74	0.990648
603	5	75	0.98134
604	5	76	0.968765
605	5	77	0.952924
606	5	78	0.933815
607	5	79	0.911439
608	5	80	0.885625
609	5	81	0.856501
610	5	82	0.82411
611	5	83	0.788452
612	5	84	0.749527
613	5	85	0.707336
614	5	86	0.661877
615	5	87	0.648926
616	5	88	0.641415
617	5	89	0.622836
618	5	90	0.597382
619	5	91	0.561614
620	5	92	0.520661
621	5	93	0.48371
622	5	94	0.45912
623	5	95	0.438737
624	5	96	0.410728
625	5	97	0.382287
626	5	98	0.352418
627	5	99	0.319881
628	5	100	0.283061
629	5	101	0.241958
630	5	102	0.205589
631	5	103	0.184193
632	5	104	0.167943
633	5	105	0.148387
634	5	106	0.140253
635	5	107	0.144668
636	5	108	0.139765
637	5	109	0.132983
638	5	110	0.13473
639	5	111	0.137905
640	5	112	0.148519
641	5	113	0.167192
642	5	114	0.181131
643	5	115	0.188269
644	5	116	0.183836
645	5	117	0.166196
646	5	118	0.149684
647	5	119	0.137435
648	5	120	0.123759
649	5	121	0.106834
650	5	122	0.0924627
651	5	123	0.0767579
652	5	124	0.0561743
653	5	125	0.0401386
654	5	126	0.0292324
655	5	127	0.0203345
656	5	128	0.0134447
657	5	129	0.00856314
658	5	130	0.00568976
659	5	131	0.00482459
660	6	0	0.00602473
661	6	1	0.00948246
662	6	2	0.0150744
663	6	3	0.0228003
664	6	4	0.0285755
665	6	5	0.0340997
666	6	6	0.0467685
667	6	7	0.0522495
668	6	8	0.053634
669	6	9	0.0550184
670	6	10	0.0560994
671	6	11	0.0540322
672	6	12	0.0654304
673	6	13	0.0768285
674	6	14	0.0794268
675	6	15	0.0894974
676	6	16	0.0942577
677	6	17	0.0918681
678	6	18	0.0982025
679	6	19	0.115423
680	6	20	0.134199
681	6	21	0.150888
682	6	22	0.173153
683	6	23	0.180095
684	6	24	0.197884
685	6	25	0.22948
686	6	26	0.247611
687	6	27	0.270882
688	6	28	0.293545
689	6	29	0.299918
690	6	30	0.310311
691	6	31	0.316512
692	6	32	0.320173
693	6	33	0.319186
694	6	34	0.309856
695	6	35	0.295613
696	6	36	0.28448
697	6	37	0.285201
698	6	38	0.288349
699	6	39	0.307693
700	6	40	0.344031
701	6	41	0.366486
702	6	42	0.391217
703	6	43	0.441134
704	6	44	0.499016
705	6	45	0.562417
706	6	46	0.604387
707	6	47	0.686278
708	6	48	0.73466
709	6	49	0.778549
710	6	50	0.818484
711	6	51	0.854465
712	6	52	0.886495
713	6	53	0.91457
714	6	54	0.938693
715	6	55	0.958861
716	6	56	0.975077
717	6	57	0.987192
718	6	58	0.995156
719	6	59	0.999165
720	6	60	0.999223
721	6	61	0.995326
722	6	62	0.987477
723	6	63	0.975675
724	6	64	0.959918
725	6	65	0.940209
726	6	66	0.916547
727	6	67	0.888585
728	6	68	0.85667
729	6	69	0.839993
730	6	70	0.85636
731	6	71	0.838324
732	6	72	0.764682
733	6	73	0.69011
734	6	74	0.705662
735	6	75	0.734869
736	6	76	0.711655
737	6	77	0.679888
738	6	78	0.661131
739	6	79	0.654133
740	6	80	0.638638
741	6	81	0.627392
742	6	82	0.623239
743	6	83	0.606018
744	6	84	0.573625
745	6	85	0.529019
746	6	86	0.499585
747	6	87	0.5004
748	6	88	0.494426
749	6	89	0.478362
750	6	90	0.475423
751	6	91	0.490007
752	6	92	0.489988
753	6	93	0.482762
754	6	94	0.486764
755	6	95	0.48758
756	6	96	0.493402
757	6	97	0.474152
758	6	98	0.447923
759	6	99	0.437473
760	6	100	0.418679
761	6	101	0.387025
762	6	102	0.350365
763	6	103	0.329181
764	6	104	0.309856
765	6	105	0.290625
766	6	106	0.275946
767	6	107	0.239437
768	6	108	0.208239
769	6	109	0.176321
770	6	110	0.148954
771	6	111	0.148499
772	6	112	0.155705
773	6	113	0.145369
774	6	114	0.116978
775	6	115	0.0988663
776	6	116	0.107685
777	6	117	0.117433
778	6	118	0.120847
779	6	119	0.127333
780	6	120	0.131999
781	6	121	0.127466
782	6	122	0.107609
783	6	123	0.0861974
784	6	124	0.082613
785	6	125	0.0822906
786	6	126	0.0773448
787	6	127	0.0595459
788	6	128	0.0368316
789	6	129	0.0196905
790	6	130	0.0081227
791	6	131	0.00212815
792	7	0	0.00118369
793	7	1	0.0043405
794	7	2	0.0105409
795	7	3	0.0197851
796	7	4	0.0320729
797	7	5	0.0474043
798	7	6	0.0657794
799	7	7	0.0743859
800	7	8	0.086883
801	7	9	0.0907891
802	7	10	0.0904735
803	7	11	0.0909272
804	7	12	0.100614
805	7	13	0.123735
806	7	14	0.142595
807	7	15	0.139557
808	7	16	0.121605
809	7	17	0.109452
810	7	18	0.116515
811	7	19	0.125235
812	7	20	0.125787
813	7	21	0.134073
814	7	22	0.156247
815	7	23	0.185879
816	7	24	0.208645
817	7	25	0.211526
818	7	26	0.206949
819	7	27	0.215175
820	7	28	0.235002
821	7	29	0.251219
822	7	30	0.260254
823	7	31	0.273512
824	7	32	0.294345
825	7	33	0.316401
826	7	34	0.339246
827	7	35	0.363808
828	7	36	0.382964
829	7	37	0.395215
830	7	38	0.420013
831	7	39	0.45728
832	7	40	0.499991
833	7	41	0.536607
834	7	42	0.563871
835	7	43	0.593463
836	7	44	0.618913
837	7	45	0.646059
838	7	46	0.671548
839	7	47	0.678393
840	7	48	0.681175
841	7	49	0.705263
842	7	50	0.727063
843	7	51	0.736592
844	7	52	0.731442
845	7	53	0.727951
846	7	54	0.744187
847	7	55	0.760186
848	7	56	0.773345
849	7	57	0.79769
850	7	58	0.836594
851	7	59	0.871848
852	7	60	0.896055
853	7	61	0.912685
854	7	62	0.917874
855	7	63	0.919985
856	7	64	0.925173
857	7	65	0.925213
858	7	66	0.915349
859	7	67	0.905485
860	7	68	0.914204
861	7	69	0.9175
862	7	70	0.908943
863	7	71	0.920961
864	7	72	0.93213
865	7	73	0.942446
866	7	74	0.951912
867	7	75	0.960529
868	7	76	0.968294
869	7	77	0.975209
870	7	78	0.981281
871	7	79	0.986495
872	7	80	0.990863
873	7	81	0.994378
874	7	82	0.997047
875	7	83	0.998864
876	7	84	0.999834
877	7	85	0.999951
878	7	86	0.999216
879	7	87	0.997634
880	7	88	0.9952
881	7	89	0.9919
882	7	90	0.987746
883	7	91	0.982748
884	7	92	0.976896
885	7	93	0.970191
886	7	94	0.96264
887	7	95	0.900439
888	7	96	0.873959
889	7	97	0.873407
890	7	98	0.864726
891	7	99	0.83397
892	7	100	0.791179
893	7	101	0.740103
894	7	102	0.695537
895	7	103	0.677703
896	7	104	0.662631
897	7	105	0.630868
898	7	106	0.606721
899	7	107	0.599698
900	7	108	0.586638
901	7	109	0.551876
902	7	110	0.506502
903	7	111	0.467755
904	7	112	0.43552
905	7	113	0.409656
906	7	114	0.393972
907	7	115	0.372192
908	7	116	0.331513
909	7	117	0.285566
910	7	118	0.248733
911	7	119	0.217681
912	7	120	0.188996
913	7	121	0.172957
914	7	122	0.168597
915	7	123	0.167847
916	7	124	0.159559
917	7	125	0.145196
918	7	126	0.133668
919	7	127	0.124128
920	7	128	0.116574
921	7	129	0.111006
922	7	130	0.107425
923	7	131	0.103417
924	8	0	0.051277
925	8	1	0.0523483
926	8	2	0.0542113
927	8	3	0.0568657
928	8	4	0.0603116
929	8	5	0.0645491
930	8	6	0.0739213
931	8	7	0.0875319
932	8	8	0.0938236
933	8	9	0.0962425
934	8	10	0.101861
935	8	11	0.120749
936	8	12	0.144259
937	8	13	0.16262
938	8	14	0.180727
939	8	15	0.20418
940	8	16	0.2352
941	8	17	0.273566
942	8	18	0.314612
943	8	19	0.350946
944	8	20	0.380285
945	8	21	0.412416
946	8	22	0.452547
947	8	23	0.49478
948	8	24	0.536543
949	8	25	0.5771
950	8	26	0.616767
951	8	27	0.657889
952	8	28	0.69609
953	8	29	0.723435
954	8	30	0.723246
955	8	31	0.753203
956	8	32	0.789334
957	8	33	0.822637
958	8	34	0.853112
959	8	35	0.88076
960	8	36	0.905579
961	8	37	0.927569
962	8	38	0.946624
963	8	39	0.962578
964	8	40	0.975702
965	8	41	0.986
966	8	42	0.993469
967	8	43	0.998111
968	8	44	0.999926
969	8	45	0.998911
970	8	46	0.995067
971	8	47	0.988394
972	8	48	0.978569
973	8	49	0.96586
974	8	50	0.950324
975	8	51	0.93196
976	8	52	0.910767
977	8	53	0.886746
978	8	54	0.859898
979	8	55	0.830221
980	8	56	0.797714
981	8	57	0.762219
982	8	58	0.774024
983	8	59	0.762766
984	8	60	0.743351
985	8	61	0.721194
986	8	62	0.706325
987	8	63	0.698573
988	8	64	0.681805
989	8	65	0.647845
990	8	66	0.609263
991	8	67	0.577049
992	8	68	0.558701
993	8	69	0.560504
994	8	70	0.581747
995	8	71	0.603505
996	8	72	0.611701
997	8	73	0.608266
998	8	74	0.6012
999	8	75	0.590731
1000	8	76	0.580617
1001	8	77	0.573995
1002	8	78	0.571589
1003	8	79	0.574516
1004	8	80	0.57809
1005	8	81	0.575912
1006	8	82	0.562078
1007	8	83	0.534626
1008	8	84	0.501154
1009	8	85	0.476432
1010	8	86	0.463125
1011	8	87	0.455843
1012	8	88	0.441373
1013	8	89	0.416156
1014	8	90	0.388665
1015	8	91	0.366927
1016	8	92	0.352984
1017	8	93	0.347182
1018	8	94	0.348426
1019	8	95	0.342433
1020	8	96	0.330268
1021	8	97	0.316339
1022	8	98	0.300327
1023	8	99	0.284099
1024	8	100	0.269522
1025	8	101	0.259186
1026	8	102	0.254996
1027	8	103	0.251872
1028	8	104	0.247377
1029	8	105	0.242159
1030	8	106	0.228978
1031	8	107	0.210275
1032	8	108	0.193933
1033	8	109	0.182835
1034	8	110	0.174734
1035	8	111	0.168296
1036	8	112	0.16742
1037	8	113	0.175153
1038	8	114	0.175153
1039	8	115	0.168423
1040	8	116	0.161515
1041	8	117	0.153782
1042	8	118	0.145745
1043	8	119	0.138831
1044	8	120	0.133898
1045	8	121	0.131064
1046	8	122	0.129846
1047	8	123	0.118555
1048	8	124	0.108676
1049	8	125	0.100109
1050	8	126	0.0928527
1051	8	127	0.0869078
1052	8	128	0.0822744
1053	8	129	0.0789523
1054	8	130	0.0769414
1055	8	131	0.0680906
1056	9	0	0.0842026
1057	9	1	0.0873421
1058	9	2	0.0927749
1059	9	3	0.0977227
1060	9	4	0.100611
1061	9	5	0.10668
1062	9	6	0.110933
1063	9	7	0.111559
1064	9	8	0.119809
1065	9	9	0.13705
1066	9	10	0.158957
1067	9	11	0.183561
1068	9	12	0.207969
1069	9	13	0.225199
1070	9	14	0.233511
1071	9	15	0.244008
1072	9	16	0.258928
1073	9	17	0.27716
1074	9	18	0.299537
1075	9	19	0.313678
1076	9	20	0.322255
1077	9	21	0.333395
1078	9	22	0.343019
1079	9	23	0.358454
1080	9	24	0.376205
1081	9	25	0.394434
1082	9	26	0.429551
1083	9	27	0.45447
1084	9	28	0.465478
1085	9	29	0.475818
1086	9	30	0.483132
1087	9	31	0.488895
1088	9	32	0.487682
1089	9	33	0.48813
1090	9	34	0.499868
1091	9	35	0.527256
1092	9	36	0.582086
1093	9	37	0.63859
1094	9	38	0.691052
1095	9	39	0.739405
1096	9	40	0.783376
1097	9	41	0.823307
1098	9	42	0.859202
1099	9	43	0.891057
1100	9	44	0.918871
1101	9	45	0.942649
1102	9	46	0.962383
1103	9	47	0.977909
1104	9	48	0.989155
1105	9	49	0.996361
1106	9	50	0.999526
1107	9	51	0.998654
1108	9	52	0.99374
1109	9	53	0.984789
1110	9	54	0.971797
1111	9	55	0.954497
1112	9	56	0.933014
1113	9	57	0.911556
1114	9	58	0.89635
1115	9	59	0.878637
1116	9	60	0.860131
1117	9	61	0.818019
1118	9	62	0.768271
1119	9	63	0.74397
1120	9	64	0.713986
1121	9	65	0.688681
1122	9	66	0.6728
1123	9	67	0.653456
1124	9	68	0.643495
1125	9	69	0.639829
1126	9	70	0.62255
1127	9	71	0.592017
1128	9	72	0.581211
1129	9	73	0.5847
1130	9	74	0.583208
1131	9	75	0.585458
1132	9	76	0.585371
1133	9	77	0.581517
1134	9	78	0.57854
1135	9	79	0.568972
1136	9	80	0.55962
1137	9	81	0.557411
1138	9	82	0.55923
1139	9	83	0.54824
1140	9	84	0.530335
1141	9	85	0.529671
1142	9	86	0.529591
1143	9	87	0.520778
1144	9	88	0.516326
1145	9	89	0.505204
1146	9	90	0.490394
1147	9	91	0.488621
1148	9	92	0.482381
1149	9	93	0.462285
1150	9	94	0.441682
1151	9	95	0.422939
1152	9	96	0.406339
1153	9	97	0.392827
1154	9	98	0.387078
1155	9	99	0.390688
1156	9	100	0.394082
1157	9	101	0.383662
1158	9	102	0.363121
1159	9	103	0.343826
1160	9	104	0.324133
1161	9	105	0.305881
1162	9	106	0.289896
1163	9	107	0.276141
1164	9	108	0.26402
1165	9	109	0.245222
1166	9	110	0.220824
1167	9	111	0.20271
1168	9	112	0.187685
1169	9	113	0.180834
1170	9	114	0.179171
1171	9	115	0.175238
1172	9	116	0.170142
1173	9	117	0.159775
1174	9	118	0.145108
1175	9	119	0.131853
1176	9	120	0.118488
1177	9	121	0.104979
1178	9	122	0.0930845
1179	9	123	0.081948
1180	9	124	0.0631799
1181	9	125	0.0535379
1182	9	126	0.0456585
1183	9	127	0.0392594
1184	9	128	0.034341
1185	9	129	0.0309032
1186	9	130	0.028946
1187	9	131	0.0284693
1188	10	0	0.0349433
1189	10	1	0.0375831
1190	10	2	0.0416398
1191	10	3	0.0470423
1192	10	4	0.0508176
1193	10	5	0.057275
1194	10	6	0.0605902
1195	10	7	0.0650065
1196	10	8	0.0799458
1197	10	9	0.0966128
1198	10	10	0.108719
1199	10	11	0.122059
1200	10	12	0.144387
1201	10	13	0.17566
1202	10	14	0.201638
1203	10	15	0.224795
1204	10	16	0.248794
1205	10	17	0.273299
1206	10	18	0.30785
1207	10	19	0.339893
1208	10	20	0.357059
1209	10	21	0.376629
1210	10	22	0.404685
1211	10	23	0.436325
1212	10	24	0.470669
1213	10	25	0.507615
1214	10	26	0.536612
1215	10	27	0.560552
1216	10	28	0.594554
1217	10	29	0.635707
1218	10	30	0.672505
1219	10	31	0.709137
1220	10	32	0.750422
1221	10	33	0.789232
1222	10	34	0.830324
1223	10	35	0.878548
1224	10	36	0.897445
1225	10	37	0.914745
1226	10	38	0.930449
1227	10	39	0.944554
1228	10	40	0.957057
1229	10	41	0.967961
1230	10	42	0.97727
1231	10	43	0.984977
1232	10	44	0.991084
1233	10	45	0.995595
1234	10	46	0.998504
1235	10	47	0.999818
1236	10	48	0.999531
1237	10	49	0.997647
1238	10	50	0.994165
1239	10	51	0.989082
1240	10	52	0.9824
1241	10	53	0.974118
1242	10	54	0.964239
1243	10	55	0.952763
1244	10	56	0.939688
1245	10	57	0.925013
1246	10	58	0.908739
1247	10	59	0.887992
1248	10	60	0.867462
1249	10	61	0.846115
1250	10	62	0.818327
1251	10	63	0.801614
1252	10	64	0.795846
1253	10	65	0.778032
1254	10	66	0.740517
1255	10	67	0.710461
1256	10	68	0.703529
1257	10	69	0.70233
1258	10	70	0.694738
1259	10	71	0.682013
1260	10	72	0.66627
1261	10	73	0.651978
1262	10	74	0.636251
1263	10	75	0.614821
1264	10	76	0.599074
1265	10	77	0.598727
1266	10	78	0.604022
1267	10	79	0.599614
1268	10	80	0.581277
1269	10	81	0.550013
1270	10	82	0.521256
1271	10	83	0.496098
1272	10	84	0.473786
1273	10	85	0.462257
1274	10	86	0.456385
1275	10	87	0.457358
1276	10	88	0.458843
1277	10	89	0.455907
1278	10	90	0.453004
1279	10	91	0.447058
1280	10	92	0.445829
1281	10	93	0.458212
1282	10	94	0.472112
1283	10	95	0.480025
1284	10	96	0.481703
1285	10	97	0.486103
1286	10	98	0.490115
1287	10	99	0.484017
1288	10	100	0.475931
1289	10	101	0.462839
1290	10	102	0.448452
1291	10	103	0.440988
1292	10	104	0.4295
1293	10	105	0.408978
1294	10	106	0.388678
1295	10	107	0.376435
1296	10	108	0.366015
1297	10	109	0.346606
1298	10	110	0.325218
1299	10	111	0.30978
1300	10	112	0.301063
1301	10	113	0.293851
1302	10	114	0.282961
1303	10	115	0.269073
1304	10	116	0.252422
1305	10	117	0.237351
1306	10	118	0.219138
1307	10	119	0.201963
1308	10	120	0.193374
1309	10	121	0.185696
1310	10	122	0.174497
1311	10	123	0.156387
1312	10	124	0.127003
1313	10	125	0.106882
1314	10	126	0.0908638
1315	10	127	0.0777784
1316	10	128	0.067584
1317	10	129	0.0602815
1318	10	130	0.0558695
1319	10	131	0.0543495
1320	11	0	0.044447
1321	11	1	0.0481635
1322	11	2	0.0544275
1323	11	3	0.0632389
1324	11	4	0.0745972
1325	11	5	0.088043
1326	11	6	0.103254
1327	11	7	0.120384
1328	11	8	0.137172
1329	11	9	0.153973
1330	11	10	0.172918
1331	11	11	0.197114
1332	11	12	0.226203
1333	11	13	0.254885
1334	11	14	0.281869
1335	11	15	0.310551
1336	11	16	0.333667
1337	11	17	0.344179
1338	11	18	0.3724
1339	11	19	0.419567
1340	11	20	0.451985
1341	11	21	0.476286
1342	11	22	0.496836
1343	11	23	0.505086
1344	11	24	0.515677
1345	11	25	0.533188
1346	11	26	0.548449
1347	11	27	0.594077
1348	11	28	0.657602
1349	11	29	0.715746
1350	11	30	0.768511
1351	11	31	0.815897
1352	11	32	0.857904
1353	11	33	0.894531
1354	11	34	0.925489
1355	11	35	0.951063
1356	11	36	0.971258
1357	11	37	0.986078
1358	11	38	0.995514
1359	11	39	0.999572
1360	11	40	0.99825
1361	11	41	0.991549
1362	11	42	0.979467
1363	11	43	0.962006
1364	11	44	0.939165
1365	11	45	0.910944
1366	11	46	0.877343
1367	11	47	0.838363
1368	11	48	0.794004
1369	11	49	0.744265
1370	11	50	0.779166
1371	11	51	0.743182
1372	11	52	0.715093
1373	11	53	0.711593
1374	11	54	0.715198
1375	11	55	0.713777
1376	11	56	0.722895
1377	11	57	0.734341
1378	11	58	0.737657
1379	11	59	0.737906
1380	11	60	0.736986
1381	11	61	0.735446
1382	11	62	0.731433
1383	11	63	0.709317
1384	11	64	0.671465
1385	11	65	0.637521
1386	11	66	0.616523
1387	11	67	0.586499
1388	11	68	0.547726
1389	11	69	0.512914
1390	11	70	0.485758
1391	11	71	0.465629
1392	11	72	0.440841
1393	11	73	0.410542
1394	11	74	0.386846
1395	11	75	0.377808
1396	11	76	0.375374
1397	11	77	0.373532
1398	11	78	0.367269
1399	11	79	0.357612
1400	11	80	0.34564
1401	11	81	0.330838
1402	11	82	0.310169
1403	11	83	0.282566
1404	11	84	0.265713
1405	11	85	0.259726
1406	11	86	0.247477
1407	11	87	0.230505
1408	11	88	0.205073
1409	11	89	0.175971
1410	11	90	0.156302
1411	11	91	0.143342
1412	11	92	0.133251
1413	11	93	0.125515
1414	11	94	0.121792
1415	11	95	0.11916
1416	11	96	0.111069
1417	11	97	0.100636
1418	11	98	0.091268
1419	11	99	0.0846633
1420	11	100	0.0838213
1421	11	101	0.0845976
1422	11	102	0.0868737
1423	11	103	0.084466
1424	11	104	0.0831503
1425	11	105	0.085137
1426	11	106	0.0828346
1427	11	107	0.0777429
1428	11	108	0.0818215
1429	11	109	0.0912285
1430	11	110	0.0952282
1431	11	111	0.0929915
1432	11	112	0.0930705
1433	11	113	0.0929784
1434	11	114	0.0921232
1435	11	115	0.0916232
1436	11	116	0.0831503
1437	11	117	0.0762562
1438	11	118	0.0737564
1439	11	119	0.0665729
1440	11	120	0.0571527
1441	11	121	0.0506533
1442	11	122	0.0463905
1443	11	123	0.0417199
1444	11	124	0.0361809
1445	11	125	0.0311156
1446	11	126	0.0277141
1447	11	127	0.0242479
1448	11	128	0.0208739
1449	11	129	0.0185424
1450	11	130	0.0172537
1451	11	131	0.0170075
1452	12	0	0.034527
1453	12	1	0.0379681
1454	12	2	0.0432673
1455	12	3	0.0504245
1456	12	4	0.0594398
1457	12	5	0.0703131
1458	12	6	0.0832019
1459	12	7	0.100795
1460	12	8	0.130404
1461	12	9	0.156608
1462	12	10	0.175667
1463	12	11	0.197724
1464	12	12	0.226875
1465	12	13	0.253512
1466	12	14	0.289998
1467	12	15	0.347163
1468	12	16	0.394888
1469	12	17	0.422009
1470	12	18	0.445023
1471	12	19	0.466264
1472	12	20	0.492659
1473	12	21	0.528188
1474	12	22	0.564125
1475	12	23	0.593722
1476	12	24	0.628728
1477	12	25	0.67362
1478	12	26	0.696494
1479	12	27	0.69754
1480	12	28	0.711956
1481	12	29	0.738198
1482	12	30	0.758775
1483	12	31	0.773765
1484	12	32	0.790745
1485	12	33	0.817981
1486	12	34	0.85476
1487	12	35	0.874917
1488	12	36	0.861343
1489	12	37	0.832665
1490	12	38	0.815723
1491	12	39	0.812011
1492	12	40	0.820341
1493	12	41	0.834872
1494	12	42	0.844044
1495	12	43	0.843445
1496	12	44	0.823454
1497	12	45	0.799266
1498	12	46	0.773522
1499	12	47	0.735876
1500	12	48	0.756449
1501	12	49	0.798877
1502	12	50	0.837243
1503	12	51	0.871549
1504	12	52	0.901797
1505	12	53	0.927991
1506	12	54	0.95012
1507	12	55	0.968187
1508	12	56	0.982195
1509	12	57	0.992143
1510	12	58	0.998031
1511	12	59	0.999859
1512	12	60	0.997627
1513	12	61	0.991336
1514	12	62	0.980984
1515	12	63	0.966573
1516	12	64	0.948102
1517	12	65	0.92557
1518	12	66	0.898988
1519	12	67	0.868277
1520	12	68	0.833505
1521	12	69	0.794675
1522	12	70	0.751785
1523	12	71	0.715594
1524	12	72	0.80118
1525	12	73	0.803987
1526	12	74	0.78679
1527	12	75	0.769989
1528	12	76	0.759311
1529	12	77	0.740519
1530	12	78	0.715298
1531	12	79	0.682742
1532	12	80	0.664627
1533	12	81	0.655556
1534	12	82	0.617603
1535	12	83	0.560132
1536	12	84	0.508478
1537	12	85	0.470359
1538	12	86	0.440354
1539	12	87	0.409469
1540	12	88	0.377206
1541	12	89	0.356182
1542	12	90	0.338475
1543	12	91	0.312017
1544	12	92	0.267392
1545	12	93	0.224387
1546	12	94	0.202253
1547	12	95	0.190057
1548	12	96	0.183628
1549	12	97	0.179941
1550	12	98	0.172325
1551	12	99	0.168817
1552	12	100	0.174417
1553	12	101	0.181625
1554	12	102	0.183475
1555	12	103	0.181765
1556	12	104	0.18151
1557	12	105	0.176892
1558	12	106	0.165793
1559	12	107	0.150357
1560	12	108	0.129511
1561	12	109	0.114662
1562	12	110	0.110018
1563	12	111	0.108883
1564	12	112	0.104507
1565	12	113	0.0919286
1566	12	114	0.0832792
1567	12	115	0.0816718
1568	12	116	0.0803961
1569	12	117	0.078036
1570	12	118	0.0748084
1571	12	119	0.0767986
1572	12	120	0.0891731
1573	12	121	0.0994937
1574	12	122	0.0996085
1575	12	123	0.0942632
1576	12	124	0.0882801
1577	12	125	0.0898237
1578	12	126	0.0885607
1579	12	127	0.0868341
1580	12	128	0.0808035
1581	12	129	0.0762083
1582	12	130	0.0735371
1583	12	131	0.0727897
1584	13	0	0.0613307
1585	13	1	0.0640176
1586	13	2	0.0683703
1587	13	3	0.0743887
1588	13	4	0.0820722
1589	13	5	0.091422
1590	13	6	0.102437
1591	13	7	0.115124
1592	13	8	0.133007
1593	13	9	0.165301
1594	13	10	0.209443
1595	13	11	0.252321
1596	13	12	0.285922
1597	13	13	0.32086
1598	13	14	0.358507
1599	13	15	0.39077
1600	13	16	0.4261
1601	13	17	0.475394
1602	13	18	0.525226
1603	13	19	0.570817
1604	13	20	0.614684
1605	13	21	0.65094
1606	13	22	0.676268
1607	13	23	0.715878
1608	13	24	0.755455
1609	13	25	0.771443
1610	13	26	0.792774
1611	13	27	0.827173
1612	13	28	0.85182
1613	13	29	0.85375
1614	13	30	0.8617
1615	13	31	0.878238
1616	13	32	0.889964
1617	13	33	0.901911
1618	13	34	0.921236
1619	13	35	0.938395
1620	13	36	0.953446
1621	13	37	0.966382
1622	13	38	0.977208
1623	13	39	0.985923
1624	13	40	0.992528
1625	13	41	0.997022
1626	13	42	0.999406
1627	13	43	0.999675
1628	13	44	0.997836
1629	13	45	0.993884
1630	13	46	0.987819
1631	13	47	0.979644
1632	13	48	0.969358
1633	13	49	0.956962
1634	13	50	0.942455
1635	13	51	0.925838
1636	13	52	0.907104
1637	13	53	0.886245
1638	13	54	0.863222
1639	13	55	0.838082
1640	13	56	0.810831
1641	13	57	0.781884
1642	13	58	0.75792
1643	13	59	0.752192
1644	13	60	0.744221
1645	13	61	0.738853
1646	13	62	0.735198
1647	13	63	0.719374
1648	13	64	0.702671
1649	13	65	0.687767
1650	13	66	0.659048
1651	13	67	0.625071
1652	13	68	0.604042
1653	13	69	0.585727
1654	13	70	0.565539
1655	13	71	0.547181
1656	13	72	0.524496
1657	13	73	0.504668
1658	13	74	0.493841
1659	13	75	0.485733
1660	13	76	0.462425
1661	13	77	0.444019
1662	13	78	0.433293
1663	13	79	0.410678
1664	13	80	0.383641
1665	13	81	0.37219
1666	13	82	0.362326
1667	13	83	0.347353
1668	13	84	0.325398
1669	13	85	0.307982
1670	13	86	0.30036
1671	13	87	0.301281
1672	13	88	0.30602
1673	13	89	0.301619
1674	13	90	0.301535
1675	13	91	0.304613
1676	13	92	0.300265
1677	13	93	0.297013
1678	13	94	0.29797
1679	13	95	0.311621
1680	13	96	0.320638
1681	13	97	0.31079
1682	13	98	0.292861
1683	13	99	0.270356
1684	13	100	0.256346
1685	13	101	0.247206
1686	13	102	0.237305
1687	13	103	0.237231
1688	13	104	0.22622
1689	13	105	0.199574
1690	13	106	0.175604
1691	13	107	0.153623
1692	13	108	0.141215
1693	13	109	0.135778
1694	13	110	0.132996
1695	13	111	0.130394
1696	13	112	0.128247
1697	13	113	0.131753
1698	13	114	0.129252
1699	13	115	0.124222
1700	13	116	0.123148
1701	13	117	0.123571
1702	13	118	0.122916
1703	13	119	0.118632
1704	13	120	0.110243
1705	13	121	0.100009
1706	13	122	0.0913087
1707	13	123	0.0822223
1708	13	124	0.0715915
1709	13	125	0.0643138
1710	13	126	0.0579777
1711	13	127	0.0520223
1712	13	128	0.0462256
1713	13	129	0.0385724
1714	13	130	0.033183
1715	13	131	0.0321411
1716	14	0	0.054924
1717	14	1	0.0508902
1718	14	2	0.0482018
1719	14	3	0.0468588
1720	14	4	0.0468612
1721	14	5	0.0482091
1722	14	6	0.0509023
1723	14	7	0.054941
1724	14	8	0.0603252
1725	14	9	0.0670548
1726	14	10	0.0751298
1727	14	11	0.0845503
1728	14	12	0.0967321
1729	14	13	0.111159
1730	14	14	0.132279
1731	14	15	0.157309
1732	14	16	0.180862
1733	14	17	0.215279
1734	14	18	0.244133
1735	14	19	0.263949
1736	14	20	0.29993
1737	14	21	0.354685
1738	14	22	0.404398
1739	14	23	0.426386
1740	14	24	0.450374
1741	14	25	0.479837
1742	14	26	0.512168
1743	14	27	0.547801
1744	14	28	0.583782
1745	14	29	0.620111
1746	14	30	0.648618
1747	14	31	0.659569
1748	14	32	0.66235
1749	14	33	0.683556
1750	14	34	0.744829
1751	14	35	0.795411
1752	14	36	0.804797
1753	14	37	0.810707
1754	14	38	0.826525
1755	14	39	0.868995
1756	14	40	0.903403
1757	14	41	0.916566
1758	14	42	0.928438
1759	14	43	0.93902
1760	14	44	0.948312
1761	14	45	0.956214
1762	14	46	0.962828
1763	14	47	0.968144
1764	14	48	0.972177
1765	14	49	0.974915
1766	14	50	0.976365
1767	14	51	0.976526
1768	14	52	0.9754
1769	14	53	0.972978
1770	14	54	0.969265
1771	14	55	0.964264
1772	14	56	0.957875
1773	14	57	0.950191
1774	14	58	0.941219
1775	14	59	0.930957
1776	14	60	0.919405
1777	14	61	0.906561
1778	14	62	0.899498
1779	14	63	0.936207
1780	14	64	0.987832
1781	14	65	0.999652
1782	14	66	0.963671
1783	14	67	0.883626
1784	14	68	0.816009
1785	14	69	0.801669
1786	14	70	0.80445
1787	14	71	0.806449
1788	14	72	0.815314
1789	14	73	0.838954
1790	14	74	0.833391
1791	14	75	0.800539
1792	14	76	0.780549
1793	14	77	0.785851
1794	14	78	0.808969
1795	14	79	0.840779
1796	14	80	0.841561
1797	14	81	0.819659
1798	14	82	0.798192
1799	14	83	0.76169
1800	14	84	0.691292
1801	14	85	0.653051
1802	14	86	0.668695
1803	14	87	0.687815
1804	14	88	0.678776
1805	14	89	0.645489
1806	14	90	0.600643
1807	14	91	0.556318
1808	14	92	0.532331
1809	14	93	0.512428
1810	14	94	0.488962
1811	14	95	0.468625
1812	14	96	0.447419
1813	14	97	0.402573
1814	14	98	0.334782
1815	14	99	0.281071
1816	14	100	0.248305
1817	14	101	0.225882
1818	14	102	0.221971
1819	14	103	0.214323
1820	14	104	0.198505
1821	14	105	0.184426
1822	14	106	0.166
1823	14	107	0.130888
1824	14	108	0.100904
1825	14	109	0.093951
1826	14	110	0.0889101
1827	14	111	0.0805667
1828	14	112	0.0717017
1829	14	113	0.0602294
1830	14	114	0.051886
1831	14	115	0.0511038
1832	14	116	0.0500608
1833	14	117	0.0493655
1834	14	118	0.0531896
1835	14	119	0.0537111
1836	14	120	0.0544064
1837	14	121	0.0583174
1838	14	122	0.0620546
1839	14	123	0.0601425
1840	14	124	0.0538849
1841	14	125	0.047975
1842	14	126	0.0457783
1843	14	127	0.0419676
1844	14	128	0.0336012
1845	14	129	0.0276187
1846	14	130	0.02402
1847	14	131	0.0228051
1848	15	0	0.0149246
1849	15	1	0.0167677
1850	15	2	0.0196383
1851	15	3	0.0235362
1852	15	4	0.0284615
1853	15	5	0.0344142
1854	15	6	0.0413943
1855	15	7	0.0476206
1856	15	8	0.0526981
1857	15	9	0.0595153
1858	15	10	0.0656833
1859	15	11	0.073799
1860	15	12	0.0867841
1861	15	13	0.10123
1862	15	14	0.121898
1863	15	15	0.148247
1864	15	16	0.173135
1865	15	17	0.194236
1866	15	18	0.218692
1867	15	19	0.254996
1868	15	20	0.301851
1869	15	21	0.348868
1870	15	22	0.385659
1871	15	23	0.416499
1872	15	24	0.44393
1873	15	25	0.460594
1874	15	26	0.473904
1875	15	27	0.487214
1876	15	28	0.501552
1877	15	29	0.519515
1878	15	30	0.543158
1879	15	31	0.56783
1880	15	32	0.580761
1881	15	33	0.573728
1882	15	34	0.553709
1883	15	35	0.538559
1884	15	36	0.533474
1885	15	37	0.538343
1886	15	38	0.551004
1887	15	39	0.567776
1888	15	40	0.554905
1889	15	41	0.532252
1890	15	42	0.593376
1891	15	43	0.650278
1892	15	44	0.702965
1893	15	45	0.750956
1894	15	46	0.79473
1895	15	47	0.834283
1896	15	48	0.869618
1897	15	49	0.900732
1898	15	50	0.927625
1899	15	51	0.950296
1900	15	52	0.968747
1901	15	53	0.982981
1902	15	54	0.992997
1903	15	55	0.998786
1904	15	56	0.99989
1905	15	57	0.996772
1906	15	58	0.989436
1907	15	59	0.977876
1908	15	60	0.962096
1909	15	61	0.942099
1910	15	62	0.917882
1911	15	63	0.889444
1912	15	64	0.856785
1913	15	65	0.819903
1914	15	66	0.778805
1915	15	67	0.733016
1916	15	68	0.761574
1917	15	69	0.758982
1918	15	70	0.750704
1919	15	71	0.762066
1920	15	72	0.775322
1921	15	73	0.766016
1922	15	74	0.739829
1923	15	75	0.718187
1924	15	76	0.69595
1925	15	77	0.668357
1926	15	78	0.643469
1927	15	79	0.633676
1928	15	80	0.625127
1929	15	81	0.616849
1930	15	82	0.606136
1931	15	83	0.582601
1932	15	84	0.54278
1933	15	85	0.497115
1934	15	86	0.457619
1935	15	87	0.425372
1936	15	88	0.399943
1937	15	89	0.391827
1938	15	90	0.384685
1939	15	91	0.377652
1940	15	92	0.368724
1941	15	93	0.354765
1942	15	94	0.333394
1943	15	95	0.313916
1944	15	96	0.307911
1945	15	97	0.308884
1946	15	98	0.303853
1947	15	99	0.307099
1948	15	100	0.314133
1949	15	101	0.30948
1950	15	102	0.29314
1951	15	103	0.276854
1952	15	104	0.266574
1953	15	105	0.257647
1954	15	106	0.247908
1955	15	107	0.245149
1956	15	108	0.253373
1957	15	109	0.254022
1958	15	110	0.241037
1959	15	111	0.225347
1960	15	112	0.203813
1961	15	113	0.185093
1962	15	114	0.172162
1963	15	115	0.16199
1964	15	116	0.153063
1965	15	117	0.146245
1966	15	118	0.141538
1967	15	119	0.135695
1968	15	120	0.122115
1969	15	121	0.093439
1970	15	122	0.0723382
1971	15	123	0.0668195
1972	15	124	0.0656292
1973	15	125	0.0671026
1974	15	126	0.0655685
1975	15	127	0.0619611
1976	15	128	0.0592664
1977	15	129	0.0574843
1978	15	130	0.0566147
1979	15	131	0.0514201
1980	16	0	0.0774793
1981	16	1	0.0802167
1982	16	2	0.0842716
1983	16	3	0.0896452
1984	16	4	0.0963364
1985	16	5	0.104346
1986	16	6	0.113674
1987	16	7	0.13877
1988	16	8	0.163543
1989	16	9	0.178628
1990	16	10	0.192162
1991	16	11	0.205695
1992	16	12	0.218138
1993	16	13	0.228421
1994	16	14	0.241421
1995	16	15	0.259539
1996	16	16	0.278456
1997	16	17	0.301012
1998	16	18	0.324296
1999	16	19	0.34285
2000	16	20	0.358372
2001	16	21	0.383305
2002	16	22	0.420729
2003	16	23	0.462081
2004	16	24	0.515657
2005	16	25	0.585823
2006	16	26	0.654777
2007	16	27	0.709056
2008	16	28	0.749875
2009	16	29	0.773838
2010	16	30	0.790621
2011	16	31	0.814293
2012	16	32	0.835248
2013	16	33	0.854797
2014	16	34	0.867578
2015	16	35	0.86981
2016	16	36	0.871968
2017	16	37	0.865129
2018	16	38	0.859453
2019	16	39	0.869203
2020	16	40	0.885744
2021	16	41	0.910944
2022	16	42	0.945093
2023	16	43	0.966364
2024	16	44	0.964714
2025	16	45	0.959573
2026	16	46	0.957244
2027	16	47	0.945368
2028	16	48	0.880819
2029	16	49	0.900958
2030	16	50	0.919191
2031	16	51	0.93551
2032	16	52	0.949986
2033	16	53	0.962619
2034	16	54	0.973409
2035	16	55	0.982357
2036	16	56	0.989462
2037	16	57	0.99472
2038	16	58	0.998131
2039	16	59	0.9997
2040	16	60	0.999427
2041	16	61	0.997308
2042	16	62	0.993343
2043	16	63	0.987539
2044	16	64	0.979886
2045	16	65	0.970391
2046	16	66	0.959053
2047	16	67	0.945745
2048	16	68	0.930587
2049	16	69	0.913586
2050	16	70	0.894748
2051	16	71	0.874058
2052	16	72	0.851526
2053	16	73	0.827154
2054	16	74	0.804555
2055	16	75	0.813978
2056	16	76	0.848078
2057	16	77	0.860399
2058	16	78	0.849631
2059	16	79	0.834593
2060	16	80	0.81895
2061	16	81	0.798698
2062	16	82	0.764403
2063	16	83	0.716284
2064	16	84	0.670347
2065	16	85	0.645536
2066	16	86	0.631808
2067	16	87	0.602898
2068	16	88	0.545586
2069	16	89	0.477215
2070	16	90	0.430745
2071	16	91	0.413089
2072	16	92	0.407074
2073	16	93	0.399313
2074	16	94	0.387816
2075	16	95	0.375447
2076	16	96	0.36657
2077	16	97	0.35762
2078	16	98	0.343699
2079	16	99	0.32415
2080	16	100	0.303098
2081	16	101	0.28908
2082	16	102	0.282749
2083	16	103	0.267179
2084	16	104	0.24244
2085	16	105	0.219957
2086	16	106	0.203343
2087	16	107	0.197304
2088	16	108	0.197328
2089	16	109	0.193738
2090	16	110	0.184886
2091	16	111	0.174481
2092	16	112	0.16672
2093	16	113	0.16022
2094	16	114	0.15178
2095	16	115	0.149063
2096	16	116	0.155078
2097	16	117	0.160365
2098	16	118	0.1568
2099	16	119	0.145983
2100	16	120	0.130461
2101	16	121	0.116587
2102	16	122	0.107686
2103	16	123	0.108188
2104	16	124	0.103802
2105	16	125	0.0909356
2106	16	126	0.0801879
2107	16	127	0.0715589
2108	16	128	0.0650484
2109	16	129	0.0606562
2110	16	130	0.0583826
2111	16	131	0.0545796
2112	17	0	0.0391234
2113	17	1	0.0418937
2114	17	2	0.0460648
2115	17	3	0.0516366
2116	17	4	0.0586091
2117	17	5	0.0584036
2118	17	6	0.0605834
2119	17	7	0.0671414
2120	17	8	0.0765214
2121	17	9	0.086323
2122	17	10	0.0964163
2123	17	11	0.10552
2124	17	12	0.110904
2125	17	13	0.118061
2126	17	14	0.135434
2127	17	15	0.155939
2128	17	16	0.172827
2129	17	17	0.193999
2130	17	18	0.223818
2131	17	19	0.258796
2132	17	20	0.293773
2133	17	21	0.324601
2134	17	22	0.357746
2135	17	23	0.394087
2136	17	24	0.433306
2137	17	25	0.466896
2138	17	26	0.488884
2139	17	27	0.504649
2140	17	28	0.525324
2141	17	29	0.553586
2142	17	30	0.57343
2143	17	31	0.594948
2144	17	32	0.642655
2145	17	33	0.687382
2146	17	34	0.729133
2147	17	35	0.767907
2148	17	36	0.8037
2149	17	37	0.836517
2150	17	38	0.866308
2151	17	39	0.89299
2152	17	40	0.916697
2153	17	41	0.937427
2154	17	42	0.955181
2155	17	43	0.969954
2156	17	44	0.98175
2157	17	45	0.990567
2158	17	46	0.996408
2159	17	47	0.999272
2160	17	48	0.999156
2161	17	49	0.996062
2162	17	50	0.989993
2163	17	51	0.980945
2164	17	52	0.968919
2165	17	53	0.953913
2166	17	54	0.935931
2167	17	55	0.914972
2168	17	56	0.893045
2169	17	57	0.928796
2170	17	58	0.946964
2171	17	59	0.944304
2172	17	60	0.925823
2173	17	61	0.904336
2174	17	62	0.895256
2175	17	63	0.893758
2176	17	64	0.892497
2177	17	65	0.878731
2178	17	66	0.854221
2179	17	67	0.842267
2180	17	68	0.846701
2181	17	69	0.841558
2182	17	70	0.815195
2183	17	71	0.781309
2184	17	72	0.755897
2185	17	73	0.741851
2186	17	74	0.741062
2187	17	75	0.730512
2188	17	76	0.691593
2189	17	77	0.663642
2190	17	78	0.646388
2191	17	79	0.635191
2192	17	80	0.62051
2193	17	81	0.596316
2194	17	82	0.577694
2195	17	83	0.57568
2196	17	84	0.582234
2197	17	85	0.582451
2198	17	86	0.570789
2199	17	87	0.551245
2200	17	88	0.530463
2201	17	89	0.512673
2202	17	90	0.497933
2203	17	91	0.488198
2204	17	92	0.472434
2205	17	93	0.457556
2206	17	94	0.454005
2207	17	95	0.444152
2208	17	96	0.426259
2209	17	97	0.410703
2210	17	98	0.407546
2211	17	99	0.411633
2212	17	100	0.422129
2213	17	101	0.431765
2214	17	102	0.42354
2215	17	103	0.396637
2216	17	104	0.364903
2217	17	105	0.334627
2218	17	106	0.305857
2219	17	107	0.284661
2220	17	108	0.274399
2221	17	109	0.266737
2222	17	110	0.25422
2223	17	111	0.238219
2224	17	112	0.220295
2225	17	113	0.199643
2226	17	114	0.183878
2227	17	115	0.178432
2228	17	116	0.175271
2229	17	117	0.173143
2230	17	118	0.170786
2231	17	119	0.165453
2232	17	120	0.15607
2233	17	121	0.146749
2234	17	122	0.140581
2235	17	123	0.130886
2236	17	124	0.116216
2237	17	125	0.102697
2238	17	126	0.0913516
2239	17	127	0.0821799
2240	17	128	0.075182
2241	17	129	0.0703582
2242	17	130	0.067708
2243	17	131	0.0635762
2244	18	0	0.0618059
2245	18	1	0.0652776
2246	18	2	0.0705669
2247	18	3	0.0776729
2248	18	4	0.086596
2249	18	5	0.0930262
2250	18	6	0.102157
2251	18	7	0.117123
2252	18	8	0.13481
2253	18	9	0.153352
2254	18	10	0.172361
2255	18	11	0.185966
2256	18	12	0.194518
2257	18	13	0.216326
2258	18	14	0.241632
2259	18	15	0.254693
2260	18	16	0.2634
2261	18	17	0.285946
2262	18	18	0.320698
2263	18	19	0.354867
2264	18	20	0.384216
2265	18	21	0.412709
2266	18	22	0.440814
2267	18	23	0.475294
2268	18	24	0.521047
2269	18	25	0.562952
2270	18	26	0.592028
2271	18	27	0.625941
2272	18	28	0.666678
2273	18	29	0.707596
2274	18	30	0.745853
2275	18	31	0.781445
2276	18	32	0.814371
2277	18	33	0.844636
2278	18	34	0.872235
2279	18	35	0.897171
2280	18	36	0.919441
2281	18	37	0.938781
2282	18	38	0.955458
2283	18	39	0.96947
2284	18	40	0.98082
2285	18	41	0.989504
2286	18	42	0.995524
2287	18	43	0.998882
2288	18	44	0.999574
2289	18	45	0.997602
2290	18	46	0.992965
2291	18	47	0.985665
2292	18	48	0.975702
2293	18	49	0.96281
2294	18	50	0.947251
2295	18	51	0.929029
2296	18	52	0.908141
2297	18	53	0.884589
2298	18	54	0.883578
2299	18	55	0.89745
2300	18	56	0.912416
2301	18	57	0.942853
2302	18	58	0.976322
2303	18	59	0.97846
2304	18	60	0.950666
2305	18	61	0.922017
2306	18	62	0.90503
2307	18	63	0.891658
2308	18	64	0.882251
2309	18	65	0.879024
2310	18	66	0.884661
2311	18	67	0.893601
2312	18	68	0.894534
2313	18	69	0.880462
2314	18	70	0.852552
2315	18	71	0.819627
2316	18	72	0.79953
2317	18	73	0.790978
2318	18	74	0.78126
2319	18	75	0.764428
2320	18	76	0.746041
2321	18	77	0.718131
2322	18	78	0.680347
2323	18	79	0.639453
2324	18	80	0.599881
2325	18	81	0.564662
2326	18	82	0.539473
2327	18	83	0.519959
2328	18	84	0.497724
2329	18	85	0.478909
2330	18	86	0.472923
2331	18	87	0.476266
2332	18	88	0.475178
2333	18	89	0.465498
2334	18	90	0.460406
2335	18	91	0.463866
2336	18	92	0.466315
2337	18	93	0.463438
2338	18	94	0.460095
2339	18	95	0.452593
2340	18	96	0.438482
2341	18	97	0.420523
2342	18	98	0.396344
2343	18	99	0.361398
2344	18	100	0.323886
2345	18	101	0.296597
2346	18	102	0.282914
2347	18	103	0.271952
2348	18	104	0.254693
2349	18	105	0.235801
2350	18	106	0.221962
2351	18	107	0.211661
2352	18	108	0.205247
2353	18	109	0.197123
2354	18	110	0.189387
2355	18	111	0.185189
2356	18	112	0.182079
2357	18	113	0.176909
2358	18	114	0.167696
2359	18	115	0.154402
2360	18	116	0.140874
2361	18	117	0.131778
2362	18	118	0.125169
2363	18	119	0.115451
2364	18	120	0.102623
2365	18	121	0.0876575
2366	18	122	0.0792999
2367	18	123	0.0775507
2368	18	124	0.0736544
2369	18	125	0.0646119
2370	18	126	0.0543983
2371	18	127	0.0458951
2372	18	128	0.0391021
2373	18	129	0.0340192
2374	18	130	0.0306466
2375	18	131	0.0265649
2376	19	0	0.0223188
2377	19	1	0.0238509
2378	19	2	0.0267933
2379	19	3	0.0311461
2380	19	4	0.0369092
2381	19	5	0.0440828
2382	19	6	0.0484368
2383	19	7	0.0576051
2384	19	8	0.0687979
2385	19	9	0.0795126
2386	19	10	0.0922322
2387	19	11	0.108628
2388	19	12	0.130174
2389	19	13	0.157547
2390	19	14	0.185768
2391	19	15	0.211007
2392	19	16	0.243634
2393	19	17	0.286996
2394	19	18	0.329395
2395	19	19	0.370825
2396	19	20	0.409223
2397	19	21	0.446643
2398	19	22	0.491768
2399	19	23	0.542709
2400	19	24	0.58971
2401	19	25	0.632556
2402	19	26	0.676998
2403	19	27	0.720194
2404	19	28	0.749616
2405	19	29	0.764001
2406	19	30	0.778158
2407	19	31	0.797979
2408	19	32	0.817729
2409	19	33	0.842006
2410	19	34	0.866505
2411	19	35	0.880256
2412	19	36	0.9172
2413	19	37	0.931726
2414	19	38	0.944841
2415	19	39	0.956512
2416	19	40	0.966796
2417	19	41	0.975691
2418	19	42	0.983201
2419	19	43	0.989323
2420	19	44	0.994058
2421	19	45	0.997406
2422	19	46	0.999368
2423	19	47	0.999942
2424	19	48	0.999129
2425	19	49	0.99693
2426	19	50	0.993343
2427	19	51	0.988367
2428	19	52	0.982005
2429	19	53	0.974257
2430	19	54	0.965121
2431	19	55	0.9546
2432	19	56	0.942691
2433	19	57	0.929359
2434	19	58	0.914592
2435	19	59	0.898439
2436	19	60	0.880899
2437	19	61	0.861971
2438	19	62	0.858895
2439	19	63	0.845869
2440	19	64	0.827042
2441	19	65	0.803746
2442	19	66	0.779608
2443	19	67	0.756753
2444	19	68	0.732218
2445	19	69	0.709411
2446	19	70	0.689598
2447	19	71	0.668449
2448	19	72	0.650869
2449	19	73	0.632469
2450	19	74	0.616426
2451	19	75	0.607176
2452	19	76	0.594611
2453	19	77	0.579745
2454	19	78	0.555203
2455	19	79	0.525955
2456	19	80	0.502591
2457	19	81	0.480605
2458	19	82	0.455961
2459	19	83	0.433587
2460	19	84	0.415363
2461	19	85	0.393779
2462	19	86	0.366527
2463	19	87	0.340773
2464	19	88	0.319517
2465	19	89	0.299142
2466	19	90	0.28056
2467	19	91	0.269468
2468	19	92	0.266759
2469	19	93	0.266126
2470	19	94	0.261711
2471	19	95	0.257297
2472	19	96	0.248644
2473	19	97	0.232754
2474	19	98	0.216402
2475	19	99	0.20575
2476	19	100	0.20183
2477	19	101	0.200716
2478	19	102	0.197706
2479	19	103	0.191748
2480	19	104	0.183573
2481	19	105	0.173785
2482	19	106	0.163801
2483	19	107	0.156501
2484	19	108	0.153548
2485	19	109	0.152372
2486	19	110	0.151272
2487	19	111	0.152766
2488	19	112	0.152549
2489	19	113	0.149166
2490	19	114	0.147468
2491	19	115	0.145124
2492	19	116	0.142747
2493	19	117	0.14037
2494	19	118	0.138791
2495	19	119	0.135455
2496	19	120	0.126816
2497	19	121	0.115322
2498	19	122	0.105147
2499	19	123	0.0966605
2500	19	124	0.086989
2501	19	125	0.073771
2502	19	126	0.0620711
2503	19	127	0.0587152
2504	19	128	0.0560985
2505	19	129	0.054221
2506	19	130	0.0530828
2507	19	131	0.0498716
2508	20	0	0.095965
2509	20	1	0.0983321
2510	20	2	0.102377
2511	20	3	0.108099
2512	20	4	0.1155
2513	20	5	0.124578
2514	20	6	0.133581
2515	20	7	0.139246
2516	20	8	0.144005
2517	20	9	0.150928
2518	20	10	0.159975
2519	20	11	0.1774
2520	20	12	0.201788
2521	20	13	0.224189
2522	20	14	0.253238
2523	20	15	0.287755
2524	20	16	0.318455
2525	20	17	0.346836
2526	20	18	0.379031
2527	20	19	0.41935
2528	20	20	0.475657
2529	20	21	0.537453
2530	20	22	0.594508
2531	20	23	0.630971
2532	20	24	0.655752
2533	20	25	0.679196
2534	20	26	0.709445
2535	20	27	0.744551
2536	20	28	0.771043
2537	20	29	0.797692
2538	20	30	0.83335
2539	20	31	0.862084
2540	20	32	0.875517
2541	20	33	0.875536
2542	20	34	0.875295
2543	20	35	0.91332
2544	20	36	0.926472
2545	20	37	0.938546
2546	20	38	0.949537
2547	20	39	0.959449
2548	20	40	0.968276
2549	20	41	0.976023
2550	20	42	0.982692
2551	20	43	0.988281
2552	20	44	0.992785
2553	20	45	0.99621
2554	20	46	0.998552
2555	20	47	0.999816
2556	20	48	0.999997
2557	20	49	0.9991
2558	20	50	0.99709
2559	20	51	0.993967
2560	20	52	0.989767
2561	20	53	0.984489
2562	20	54	0.978126
2563	20	55	0.970681
2564	20	56	0.962157
2565	20	57	0.952551
2566	20	58	0.955808
2567	20	59	0.967541
2568	20	60	0.972772
2569	20	61	0.975093
2570	20	62	0.975486
2571	20	63	0.972831
2572	20	64	0.968249
2573	20	65	0.954894
2574	20	66	0.928107
2575	20	67	0.891211
2576	20	68	0.857521
2577	20	69	0.812168
2578	20	70	0.764159
2579	20	71	0.731315
2580	20	72	0.703249
2581	20	73	0.669933
2582	20	74	0.63935
2583	20	75	0.61923
2584	20	76	0.606249
2585	20	77	0.596455
2586	20	78	0.601883
2587	20	79	0.60796
2588	20	80	0.613743
2589	20	81	0.635869
2590	20	82	0.65058
2591	20	83	0.655202
2592	20	84	0.666727
2593	20	85	0.674299
2594	20	86	0.665763
2595	20	87	0.642536
2596	20	88	0.618955
2597	20	89	0.590928
2598	20	90	0.565656
2599	20	91	0.54882
2600	20	92	0.521581
2601	20	93	0.48317
2602	20	94	0.4412
2603	20	95	0.412781
2604	20	96	0.396968
2605	20	97	0.378068
2606	20	98	0.361763
2607	20	99	0.34658
2608	20	100	0.332655
2609	20	101	0.316135
2610	20	102	0.30103
2611	20	103	0.294029
2612	20	104	0.295602
2613	20	105	0.309172
2614	20	106	0.31702
2615	20	107	0.314148
2616	20	108	0.317374
2617	20	109	0.320226
2618	20	110	0.316941
2619	20	111	0.30929
2620	20	112	0.299319
2621	20	113	0.282936
2622	20	114	0.257368
2623	20	115	0.234928
2624	20	116	0.213943
2625	20	117	0.205682
2626	20	118	0.194865
2627	20	119	0.17036
2628	20	120	0.155294
2629	20	121	0.147545
2630	20	122	0.138675
2631	20	123	0.142317
2632	20	124	0.148646
2633	20	125	0.142448
2634	20	126	0.137144
2635	20	127	0.132732
2636	20	128	0.129215
2637	20	129	0.126591
2638	20	130	0.12486
2639	20	131	0.124023
2640	21	0	0.0833107
2641	21	1	0.0838661
2642	21	2	0.0848759
2643	21	3	0.0863395
2644	21	4	0.0861119
2645	21	5	0.0858478
2646	21	6	0.090364
2647	21	7	0.0996539
2648	21	8	0.109327
2649	21	9	0.118075
2650	21	10	0.128778
2651	21	11	0.141046
2652	21	12	0.152403
2653	21	13	0.164532
2654	21	14	0.179434
2655	21	15	0.203745
2656	21	16	0.235583
2657	21	17	0.271092
2658	21	18	0.307063
2659	21	19	0.338267
2660	21	20	0.36477
2661	21	21	0.386889
2662	21	22	0.409193
2663	21	23	0.441672
2664	21	24	0.481968
2665	21	25	0.517411
2666	21	26	0.553197
2667	21	27	0.599112
2668	21	28	0.636985
2669	21	29	0.663943
2670	21	30	0.681077
2671	21	31	0.694276
2672	21	32	0.724337
2673	21	33	0.760938
2674	21	34	0.792919
2675	21	35	0.822616
2676	21	36	0.850031
2677	21	37	0.875166
2678	21	38	0.898019
2679	21	39	0.918591
2680	21	40	0.936799
2681	21	41	0.952605
2682	21	42	0.966125
2683	21	43	0.977367
2684	21	44	0.986325
2685	21	45	0.993001
2686	21	46	0.997396
2687	21	47	0.999509
2688	21	48	0.999341
2689	21	49	0.996891
2690	21	50	0.992159
2691	21	51	0.985144
2692	21	52	0.97585
2693	21	53	0.96423
2694	21	54	0.950166
2695	21	55	0.933821
2696	21	56	0.915194
2697	21	57	0.894286
2698	21	58	0.871097
2699	21	59	0.865599
2700	21	60	0.874958
2701	21	61	0.88642
2702	21	62	0.895479
2703	21	63	0.894805
2704	21	64	0.887305
2705	21	65	0.87468
2706	21	66	0.865014
2707	21	67	0.870653
2708	21	68	0.881468
2709	21	69	0.878939
2710	21	70	0.861251
2711	21	71	0.848976
2712	21	72	0.842512
2713	21	73	0.827254
2714	21	74	0.801827
2715	21	75	0.775244
2716	21	76	0.749402
2717	21	77	0.727382
2718	21	78	0.713681
2719	21	79	0.703249
2720	21	80	0.671028
2721	21	81	0.623377
2722	21	82	0.588376
2723	21	83	0.574682
2724	21	84	0.569955
2725	21	85	0.562335
2726	21	86	0.548905
2727	21	87	0.527803
2728	21	88	0.500706
2729	21	89	0.474797
2730	21	90	0.448571
2731	21	91	0.414766
2732	21	92	0.388249
2733	21	93	0.387444
2734	21	94	0.398127
2735	21	95	0.400656
2736	21	96	0.393624
2737	21	97	0.378966
2738	21	98	0.360043
2739	21	99	0.340558
2740	21	100	0.321814
2741	21	101	0.30359
2742	21	102	0.287176
2743	21	103	0.275172
2744	21	104	0.267078
2745	21	105	0.252849
2746	21	106	0.22828
2747	21	107	0.1967
2748	21	108	0.167734
2749	21	109	0.143991
2750	21	110	0.125503
2751	21	111	0.113737
2752	21	112	0.105999
2753	21	113	0.0989606
2754	21	114	0.0939294
2755	21	115	0.0929456
2756	21	116	0.0927013
2757	21	117	0.0901065
2758	21	118	0.0866401
2759	21	119	0.0854318
2760	21	120	0.0862043
2761	21	121	0.0859204
2762	21	122	0.083867
2763	21	123	0.077885
2764	21	124	0.0698429
2765	21	125	0.064158
2766	21	126	0.0656593
2767	21	127	0.0680897
2768	21	128	0.0646348
2769	21	129	0.0623122
2770	21	130	0.0611224
2771	21	131	0.0563573
2772	22	0	0.0682424
2773	22	1	0.0707367
2774	22	2	0.0744299
2775	22	3	0.0793223
2776	22	4	0.0854142
2777	22	5	0.0927053
2778	22	6	0.101196
2779	22	7	0.110886
2780	22	8	0.12253
2781	22	9	0.136001
2782	22	10	0.146051
2783	22	11	0.156493
2784	22	12	0.17172
2785	22	13	0.19008
2786	22	14	0.210528
2787	22	15	0.234152
2788	22	16	0.254774
2789	22	17	0.27631
2790	22	18	0.305894
2791	22	19	0.341222
2792	22	20	0.374983
2793	22	21	0.409832
2794	22	22	0.445072
2795	22	23	0.481617
2796	22	24	0.535783
2797	22	25	0.596431
2798	22	26	0.653338
2799	22	27	0.70163
2800	22	28	0.736
2801	22	29	0.786127
2802	22	30	0.85417
2803	22	31	0.875019
2804	22	32	0.894286
2805	22	33	0.911967
2806	22	34	0.927886
2807	22	35	0.942223
2808	22	36	0.954978
2809	22	37	0.966148
2810	22	38	0.975736
2811	22	39	0.983739
2812	22	40	0.990158
2813	22	41	0.994993
2814	22	42	0.998244
2815	22	43	0.999913
2816	22	44	1
2817	22	45	0.998325
2818	22	46	0.995068
2819	22	47	0.990226
2820	22	48	0.983801
2821	22	49	0.975791
2822	22	50	0.966198
2823	22	51	0.955023
2824	22	52	0.942265
2825	22	53	0.927921
2826	22	54	0.911991
2827	22	55	0.89448
2828	22	56	0.875211
2829	22	57	0.933282
2830	22	58	0.964018
2831	22	59	0.975417
2832	22	60	0.976896
2833	22	61	0.975591
2834	22	62	0.973763
2835	22	63	0.970892
2836	22	64	0.971153
2837	22	65	0.973807
2838	22	66	0.972937
2839	22	67	0.962495
2840	22	68	0.945006
2841	22	69	0.922904
2842	22	70	0.890709
2843	22	71	0.848856
2844	22	72	0.800999
2845	22	73	0.754795
2846	22	74	0.718902
2847	22	75	0.695322
2848	22	76	0.677875
2849	22	77	0.656122
2850	22	78	0.618707
2851	22	79	0.578942
2852	22	80	0.549009
2853	22	81	0.528604
2854	22	82	0.514595
2855	22	83	0.504806
2856	22	84	0.495583
2857	22	85	0.484271
2858	22	86	0.471828
2859	22	87	0.454295
2860	22	88	0.431672
2861	22	89	0.405568
2862	22	90	0.38103
2863	22	91	0.368848
2864	22	92	0.357276
2865	22	93	0.338394
2866	22	94	0.31577
2867	22	95	0.294104
2868	22	96	0.275179
2869	22	97	0.261518
2870	22	98	0.250685
2871	22	99	0.240243
2872	22	100	0.236763
2873	22	101	0.237198
2874	22	102	0.234239
2875	22	103	0.22606
2876	22	104	0.212399
2877	22	105	0.198694
2878	22	106	0.191211
2879	22	107	0.189602
2880	22	108	0.187948
2881	22	109	0.184729
2882	22	110	0.179943
2883	22	111	0.171242
2884	22	112	0.162932
2885	22	113	0.155362
2886	22	114	0.145225
2887	22	115	0.135218
2888	22	116	0.127605
2889	22	117	0.12134
2890	22	118	0.113639
2891	22	119	0.102675
2892	22	120	0.0900585
2893	22	121	0.0813572
2894	22	122	0.0790144
2895	22	123	0.0742365
2896	22	124	0.0697222
2897	22	125	0.0658093
2898	22	126	0.0624976
2899	22	127	0.0597869
2900	22	128	0.0576775
2901	22	129	0.0561693
2902	22	130	0.0552623
2903	22	131	0.0499338