0.0971548
0.101907
0.098795
0.103527
0.111644
0.110613
0.108384
0.110571
0.119446
0.129519
0.132337
0.13139
0.127689
0.122831
0.122831
0.120939
0.122369
0.134881
0.153934
0.175867
0.192858
0.203962
0.229239
0.264295
0.29096
0.3212
0.356276
0.382373
0.408912
0.435472
0.466974
0.492629
0.512943
0.538515
0.541438
0.54699
0.559271
0.551027
0.547621
0.556116
0.556221
0.54903
0.535676
0.529157
0.533426
0.544193
0.565579
0.586819
0.602486
0.613337
0.625849
0.642672
0.66223
0.682418
0.700397
0.713393
0.721216
0.72967
0.727925
0.717284
0.716485
0.723929
0.72824
0.743171
0.761571
0.772086
0.795975
0.838748
0.876391
0.898997
0.927512
0.965386
0.994322
0.995878
0.975354
0.952053
0.92665
0.89845
0.857359
0.814123
0.772654
0.737493
0.710996
0.690261
0.68778
0.704267
0.704982
0.683616
0.66204
0.644186
0.622484
0.608353
0.598175
0.579648
0.565979
0.547726
0.530944
0.523626
0.538052
0.554476
0.558135
0.56436
0.565706
0.551826
0.54005
0.520283
0.492125
0.463651
0.428427
0.393098
0.362017
0.341493
0.325994
0.308288
0.296259
0.291843
0.28791
0.278027
0.264841
0.252392
0.240237
0.227157
0.221795
0.21986
0.215612
0.210607
0.193679
0.170126
0.150695
0.139045
0.130276
0.129098
0.104145
0.114319
0.122186
0.131041
0.14065
0.14927
0.15902
0.172916
0.188742
0.207725
0.229958
0.25285
0.278709
0.30358
0.324399
0.342346
0.359821
0.371267
0.37593
0.388507
0.409986
0.435987
0.458031
0.474988
0.491945
0.510316
0.530099
0.551295
0.579275
0.602732
0.614037
0.619171
0.627508
0.648705
0.663542
0.669807
0.685163
0.713283
0.748705
0.78601
0.830476
0.872727
0.902873
0.918041
0.926943
0.958738
0.987565
0.995054
0.984315
0.971032
0.966792
0.961046
0.958502
0.952944
0.937541
0.90829
0.887518
0.877296
0.861375
0.830005
0.782807
0.744654
0.735139
0.752096
0.783514
0.810504
0.808808
0.776166
0.752756
0.740697
0.732784
0.719454
0.708008
0.722186
0.749458
0.771126
0.778474
0.781865
0.756006
0.709703
0.67805
0.668582
0.668724
0.653038
0.635092
0.619124
0.601649
0.580405
0.557513
0.525718
0.509091
0.497268
0.484126
0.468582
0.460951
0.439755
0.413754
0.389967
0.370325
0.348705
0.327508
0.313236
0.303062
0.300236
0.309091
0.320961
0.326425
0.332219
0.33707
0.338719
0.335751
0.331088
0.323787
0.314555
0.304239
0.293076
0.27739
0.25643
0.228026
0.196043
0.165992
0.143523
0.119783
0.1
0.086293
0.0783797
0.0744701
0.0731983
0.0696656
0.0664154
0.0638248
0.0508714
0.0488082
0.0551715
0.0574072
0.0586799
0.0610532
0.0647164
0.0678121
0.0694029
0.0726447
0.0780793
0.0853713
0.0941165
0.104152
0.115606
0.127937
0.138952
0.150655
0.167183
0.192017
0.223515
0.252537
0.285729
0.323496
0.36423
0.40529
0.444184
0.485863
0.53474
0.588312
0.638995
0.682025
0.718811
0.750628
0.79493
0.847453
0.891213
0.919547
0.938551
0.957005
0.979973
0.994772
0.99386
0.977505
0.956626
0.955354
0.964262
0.96311
0.948139
0.920682
0.890801
0.876208
0.867936
0.849758
0.829601
0.811715
0.798903
0.791731
0.783141
0.75964
0.73877
0.721425
0.704941
0.687631
0.674586
0.656589
0.638204
0.625047
0.613568
0.59753
0.575233
0.552007
0.543976
0.543012
0.53683
0.521618
0.506458
0.499776
0.500473
0.500499
0.496595
0.487325
0.472466
0.452103
0.442275
0.437141
0.427003
0.410845
0.393914
0.382142
0.372597
0.35686
0.335328
0.312386
0.293081
0.280277
0.271687
0.266398
0.259046
0.250301
0.24196
0.235132
0.229723
0.227238
0.222922
0.215423
0.205767
0.196884
0.193066
0.186771
0.178413
0.170829
0.164018
0.156812
0.148867
0.141231
0.131462
0.121281
0.112269
0.104547
0.0966447
0.0893269
0.0803065
0.071974
0.0659805
0.0626698
0.061337
0.0616551
0.0628762
0.0627042
0.0615262
0.0604169
0.0505882
0.0688483
0.0769939
0.0907352
0.106556
0.118855
0.140881
0.160318
0.17508
0.198071
0.227166
0.269933
0.315165
0.347216
0.388212
0.442021
0.494359
0.550297
0.615401
0.668276
0.701802
0.732012
0.76245
0.793738
0.827496
0.861067
0.888946
0.919155
0.938859
0.957359
0.976233
0.96687
0.9818
0.998146
0.996175
0.985692
0.961394
0.931229
0.914535
0.904564
0.902552
0.905949
0.890871
0.869721
0.846785
0.824054
0.82899
0.833655
0.830613
0.820191
0.799695
0.777969
0.751468
0.729011
0.711828
0.693892
0.657706
0.623459
0.589644
0.566343
0.552741
0.536955
0.526372
0.509008
0.493799
0.480457
0.47206
0.465363
0.461477
0.457392
0.452507
0.445241
0.438995
0.440482
0.43725
0.432085
0.426042
0.42204
0.415746
0.40459
0.394925
0.390926
0.382471
0.359754
0.345784
0.337171
0.329183
0.320893
0.308745
0.297493
0.293835
0.288201
0.288252
0.282309
0.279865
0.288181
0.28096
0.270525
0.258509
0.24585
0.227688
0.209919
0.201123
0.198142
0.17856
0.156499
0.14779
0.142777
0.147211
0.146003
0.14271
0.140742
0.134239
0.131129
0.121225
0.112699
0.103202
0.0911409
0.0765657
0.0683074
0.0623414
0.0561372
0.0522737
0.0479143
0.0460437
0.0411853
0.038732
0.0413785
0.0396174
0.0332908
0.0282715
0.0258728
0.0231233
0.0658537
0.0771619
0.0827051
0.0922672
0.108537
0.122866
0.138193
0.152799
0.157871
0.154324
0.153271
0.149085
0.140576
0.141186
0.143792
0.133841
0.119845
0.112334
0.12561
0.15571
0.187805
0.211724
0.227439
0.252855
0.295011
0.335033
0.368681
0.408426
0.460089
0.493237
0.51347
0.544124
0.581042
0.621341
0.662528
0.69357
0.723503
0.754213
0.776663
0.797007
0.82051
0.845261
0.867905
0.893459
0.915854
0.916824
0.913914
0.918071
0.920288
0.907539
0.885976
0.873975
0.864856
0.852744
0.835089
0.834756
0.859534
0.875443
0.871009
0.864939
0.881486
0.917794
0.925831
0.913248
0.898559
0.899695
0.914024
0.929047
0.947783
0.971203
0.985588
0.986779
0.979933
0.973309
0.982262
0.994595
0.99867
0.983841
0.94296
0.898531
0.8602
0.82367
0.791962
0.765216
0.743126
0.719374
0.697783
0.67694
0.643902
0.623309
0.605044
0.575942
0.53847
0.499335
0.46735
0.44551
0.422616
0.395261
0.367073
0.3375
0.304545
0.267433
0.226164
0.193542
0.176718
0.160504
0.143459
0.139246
0.141353
0.135338
0.131098
0.133093
0.136475
0.149834
0.168071
0.180155
0.186142
0.179435
0.16031
0.145094
0.133149
0.119207
0.103049
0.0891907
0.0728381
0.0532705
0.0371951
0.0260809
0.02051
0.016602
0.00953437
0.0017184
0.00123153
0.00675474
0.0116808
0.0162338
0.0239215
0.02784
0.0354904
0.0486267
0.0516868
0.0530676
0.0544484
0.0541872
0.0556426
0.0688536
0.0759815
0.0793775
0.092775
0.0922153
0.091245
0.102142
0.120615
0.137259
0.159278
0.17428
0.178348
0.208949
0.236901
0.252687
0.277467
0.291947
0.300605
0.308852
0.313592
0.316502
0.310233
0.297209
0.283811
0.279519
0.282281
0.293999
0.327288
0.356396
0.370578
0.416853
0.473317
0.534931
0.584938
0.620839
0.6779
0.730072
0.774108
0.854008
0.922078
0.966488
0.973802
0.958128
0.947119
0.976041
0.999104
0.967271
0.949172
0.952157
0.953687
0.919727
0.884983
0.884722
0.913793
0.919316
0.879572
0.849866
0.842402
0.822474
0.744066
0.673235
0.698462
0.722123
0.695701
0.665435
0.649798
0.641402
0.624683
0.616435
0.612293
0.590499
0.554187
0.511979
0.491902
0.491939
0.481527
0.465928
0.470891
0.487461
0.479363
0.475481
0.479064
0.483505
0.479848
0.452045
0.435923
0.426108
0.398977
0.36386
0.332848
0.314301
0.294223
0.281572
0.251343
0.21645
0.189095
0.154948
0.142857
0.150582
0.147559
0.124832
0.0998657
0.101844
0.114681
0.117667
0.122929
0.129124
0.127183
0.111248
0.0891551
0.0816167
0.0812435
0.0779967
0.059785
0.0370205
0.0263845
0.0163457
0.00578445
0.00261233
0.00167785
0.00167785
0.012711
0.03554
0.0539709
0.0611908
0.0710037
0.0835621
0.0876805
0.0874771
0.087833
0.0964765
0.117755
0.136669
0.135855
0.119433
0.106442
0.110916
0.120653
0.121771
0.127415
0.147346
0.175056
0.199868
0.205766
0.199868
0.204596
0.223459
0.241204
0.249542
0.26022
0.279845
0.300997
0.322148
0.346553
0.367017
0.377441
0.398261
0.431615
0.472087
0.508949
0.537116
0.564979
0.590528
0.616051
0.641016
0.653727
0.657489
0.672743
0.695368
0.709198
0.709655
0.704469
0.711282
0.729179
0.74245
0.759482
0.791031
0.829673
0.857459
0.875915
0.887457
0.887253
0.891473
0.896507
0.891346
0.877517
0.872636
0.895338
0.902913
0.879932
0.883084
0.902074
0.908023
0.910464
0.916565
0.92681
0.938199
0.953859
0.972773
0.988433
0.997331
0.997407
0.979103
0.942419
0.914353
0.91715
0.938911
0.961409
0.980323
0.984747
0.971324
0.960265
0.932047
0.888957
0.856925
0.841748
0.844087
0.831961
0.79698
0.753864
0.702868
0.663057
0.653498
0.636313
0.601815
0.583562
0.579266
0.562996
0.525473
0.482103
0.446995
0.416082
0.39338
0.379042
0.355171
0.314496
0.271507
0.237187
0.20724
0.180903
0.166667
0.163006
0.16176
0.153829
0.141092
0.126754
0.11539
0.11295
0.110281
0.105501
0.0992475
0.0506329
0.0527859
0.0530829
0.052823
0.0551988
0.0622394
0.0732024
0.0844748
0.0911318
0.0932848
0.0983333
0.11406
0.135751
0.155091
0.171523
0.192101
0.219298
0.255181
0.29474
0.330586
0.360927
0.390586
0.42548
0.466214
0.506366
0.546197
0.583602
0.623
0.660851
0.691872
0.711682
0.721952
0.731863
0.747652
0.784971
0.838994
0.885037
0.917554
0.935348
0.940458
0.94099
0.949639
0.969375
0.987824
0.997414
0.997995
0.993034
0.980771
0.95668
0.926649
0.893277
0.871265
0.865746
0.867602
0.864509
0.847557
0.818652
0.792197
0.77282
0.758986
0.743569
0.725058
0.703936
0.688667
0.681701
0.667706
0.63577
0.59881
0.567108
0.547162
0.544836
0.561181
0.584803
0.596607
0.594318
0.588218
0.578579
0.568804
0.561342
0.557494
0.558162
0.562382
0.564201
0.556665
0.533427
0.502196
0.475296
0.457367
0.447257
0.438645
0.420877
0.39217
0.367967
0.350755
0.341153
0.338889
0.337355
0.329832
0.317433
0.303797
0.28765
0.27243
0.259178
0.251457
0.247794
0.244478
0.240049
0.234715
0.220721
0.201901
0.187151
0.177215
0.169494
0.163815
0.163666
0.170682
0.170682
0.164
0.157393
0.149993
0.142284
0.135566
0.130703
0.127473
0.124244
0.119628
0.112885
0.102491
0.0898573
0.0792531
0.0737221
0.063155
0.0823101
0.0884114
0.0928866
0.0912915
0.0889247
0.0945643
0.100831
0.107194
0.110505
0.111735
0.122425
0.140556
0.162843
0.187682
0.211157
0.226115
0.232985
0.244881
0.260346
0.279928
0.300922
0.312353
0.321434
0.332937
0.342387
0.359113
0.375811
0.398787
0.433103
0.453102
0.463186
0.473779
0.479915
0.484084
0.482368
0.486444
0.497251
0.522496
0.568764
0.630834
0.699354
0.744643
0.797739
0.843514
0.87464
0.906011
0.932373
0.976746
0.996114
0.967892
0.934075
0.925979
0.944727
0.966738
0.981707
0.985448
0.982265
0.961139
0.927563
0.900706
0.884245
0.865996
0.847899
0.799041
0.755385
0.73026
0.700091
0.679358
0.661871
0.643061
0.636157
0.631113
0.609285
0.582789
0.577005
0.579055
0.577108
0.581211
0.579189
0.57532
0.570962
0.561133
0.553158
0.552727
0.554178
0.53884
0.522682
0.524877
0.522359
0.514917
0.510273
0.495976
0.483415
0.484704
0.474555
0.453209
0.433172
0.415075
0.398983
0.386653
0.383067
0.388376
0.389206
0.37535
0.355354
0.336124
0.316618
0.299241
0.283641
0.270636
0.257769
0.237164
0.214519
0.197045
0.1831
0.17889
0.177009
0.172496
0.166467
0.154867
0.140808
0.127444
0.114556
0.100707
0.0898618
0.0781037
0.0620943
0.051232
0.0428707
0.0353053
0.0311712
0.0276951
0.0338346
0.0371302
0.0402549
0.0397056
0.0394981
0.0432819
0.0508251
0.0569036
0.0602968
0.0663387
0.0816571
0.0974758
0.109706
0.124878
0.149546
0.179572
0.204765
0.228249
0.251977
0.279917
0.31452
0.340921
0.358485
0.381384
0.410897
0.443426
0.479787
0.513622
0.538912
0.567254
0.606069
0.644957
0.680744
0.72073
0.761229
0.797481
0.836149
0.870728
0.894029
0.922591
0.948833
0.956132
0.956498
0.960172
0.95811
0.959013
0.975613
0.993995
0.999219
0.989515
0.97344
0.966117
0.971048
0.966214
0.955107
0.95529
0.961918
0.946001
0.916781
0.891331
0.870716
0.856911
0.836369
0.808417
0.791085
0.785299
0.767454
0.729677
0.70042
0.694256
0.69273
0.684601
0.671565
0.655515
0.641783
0.625159
0.602968
0.58942
0.591983
0.596866
0.589396
0.568121
0.533835
0.508056
0.482424
0.461613
0.454106
0.448565
0.452739
0.452641
0.448345
0.445782
0.438922
0.442279
0.45872
0.470328
0.475295
0.476504
0.481935
0.482143
0.473245
0.463492
0.448833
0.437482
0.429255
0.412545
0.391124
0.375293
0.364857
0.349295
0.327873
0.310102
0.299336
0.291951
0.282272
0.26909
0.2531
0.237489
0.220096
0.202556
0.192169
0.184479
0.173884
0.156796
0.128894
0.104555
0.0907626
0.080583
0.0697198
0.0612367
0.055561
0.0532175
0.042735
0.0432887
0.052603
0.0655109
0.0750971
0.0864316
0.10237
0.119308
0.135975
0.152603
0.171659
0.196047
0.225214
0.253448
0.28007
0.308596
0.329876
0.341909
0.372786
0.417589
0.448252
0.472543
0.490598
0.49797
0.510606
0.527807
0.54866
0.593667
0.6615
0.723067
0.755206
0.788714
0.834343
0.876389
0.922941
0.965598
0.987762
0.996941
0.999242
0.996465
0.989394
0.969503
0.946134
0.922854
0.89188
0.856109
0.825311
0.801389
0.789005
0.779779
0.754138
0.720115
0.701671
0.702817
0.702214
0.704701
0.717521
0.725389
0.726068
0.726457
0.72467
0.722756
0.713073
0.682605
0.645221
0.617521
0.593162
0.558848
0.52195
0.490559
0.468609
0.44728
0.418765
0.388258
0.373368
0.370319
0.368493
0.365171
0.35641
0.345542
0.332051
0.314083
0.289297
0.267648
0.258547
0.248767
0.234402
0.213364
0.181624
0.159295
0.144814
0.134489
0.125719
0.120639
0.118182
0.112383
0.102331
0.0926185
0.085237
0.0826923
0.0828283
0.0855575
0.0838578
0.0812451
0.0834499
0.0834596
0.0769619
0.0782925
0.0877234
0.0935315
0.0923077
0.0913267
0.0916084
0.0908508
0.0902681
0.083343
0.0758353
0.0735431
0.067094
0.0573427
0.0505051
0.0461538
0.0418221
0.0362179
0.0311966
0.0268454
0.0244561
0.0222416
0.0182595
0.0167541
0.0174048
0.0159285
0.0329582
0.0435545
0.0501315
0.0570374
0.068328
0.0782849
0.0970842
0.125475
0.150322
0.168737
0.190478
0.218248
0.244227
0.281424
0.336049
0.379622
0.405291
0.427068
0.447786
0.474496
0.509208
0.542751
0.57074
0.607553
0.649152
0.664681
0.666837
0.684595
0.709369
0.727382
0.741633
0.759007
0.788439
0.824558
0.836086
0.815715
0.787928
0.776874
0.775029
0.787032
0.801008
0.807494
0.804041
0.777934
0.756431
0.730689
0.731584
0.768416
0.789389
0.790668
0.802507
0.817378
0.840178
0.877832
0.919943
0.962018
0.982681
0.996036
0.990792
0.967499
0.964703
0.965964
0.937518
0.891223
0.847194
0.80669
0.773312
0.741614
0.7215
0.730178
0.754275
0.767429
0.759062
0.742089
0.730305
0.715599
0.694826
0.664188
0.639798
0.63313
0.608302
0.556928
0.503106
0.46178
0.431087
0.403738
0.368935
0.346152
0.329582
0.311057
0.272654
0.223272
0.197384
0.184595
0.175826
0.173542
0.167203
0.160461
0.164206
0.171825
0.175607
0.173962
0.173085
0.170893
0.16121
0.147325
0.128581
0.11159
0.105379
0.104118
0.100884
0.0905072
0.080532
0.0779743
0.0770243
0.0748867
0.0719088
0.0728588
0.0832724
0.0938505
0.0952938
0.090635
0.0848802
0.0855196
0.0846975
0.0796733
0.0766954
0.0763666
0.074905
0.0732607
0.0677799
0.0667385
0.0662116
0.0748164
0.080484
0.0872169
0.102017
0.114976
0.133975
0.169118
0.215017
0.255569
0.288448
0.32628
0.36345
0.393443
0.434543
0.489327
0.536622
0.581756
0.622588
0.652601
0.685593
0.7269
0.750626
0.770152
0.802234
0.830158
0.834088
0.841018
0.858062
0.870007
0.880298
0.895398
0.916537
0.93413
0.945041
0.95681
0.969035
0.979688
0.98037
0.971734
0.975799
0.989016
0.996525
0.972096
0.944255
0.934781
0.916413
0.889213
0.866522
0.857152
0.857586
0.842104
0.812659
0.769542
0.741545
0.73595
0.727873
0.722401
0.718296
0.701644
0.685945
0.66919
0.637646
0.604096
0.587424
0.566108
0.546758
0.527935
0.503899
0.487558
0.478953
0.464412
0.4417
0.427697
0.40997
0.38368
0.367153
0.35711
0.343841
0.321822
0.302534
0.293919
0.293888
0.299359
0.294943
0.295067
0.297549
0.293143
0.290102
0.291954
0.309029
0.313848
0.299431
0.280205
0.257462
0.246851
0.237667
0.231192
0.227159
0.207509
0.18157
0.158227
0.141917
0.134181
0.130706
0.128421
0.124377
0.128938
0.127211
0.121657
0.120364
0.120819
0.120157
0.115627
0.106981
0.0964629
0.0881373
0.0784362
0.0675147
0.0613404
0.0547937
0.0489192
0.0425484
0.0353397
0.031813
0.0326818
0.0348743
0.036767
0.0403971
0.0390009
0.0335919
0.0308719
0.0429505
0.0491045
0.0617944
0.0735931
0.0787709
0.0832697
0.0966811
0.110856
0.131483
0.154401
0.17664
0.208683
0.236652
0.255496
0.286139
0.334734
0.38299
0.410109
0.431373
0.457686
0.485867
0.519523
0.551821
0.586877
0.619217
0.640353
0.645531
0.651727
0.682625
0.739326
0.778711
0.786393
0.792717
0.808123
0.825567
0.841864
0.869536
0.922799
0.974705
0.982599
0.947712
0.914439
0.923945
0.941346
0.957983
0.987522
0.999406
0.988116
0.93897
0.861514
0.839063
0.880358
0.945421
0.973814
0.965962
0.947712
0.908582
0.86788
0.869536
0.912062
0.960699
0.975809
0.947628
0.879085
0.806468
0.783253
0.784314
0.788006
0.788643
0.807232
0.824633
0.801163
0.771836
0.763051
0.774637
0.800484
0.82319
0.81746
0.796961
0.777014
0.739666
0.67176
0.637807
0.652024
0.670317
0.664332
0.636618
0.596554
0.549953
0.524955
0.507937
0.486334
0.464901
0.447246
0.41864
0.364485
0.304219
0.262287
0.234021
0.219421
0.216026
0.205925
0.191495
0.178465
0.160343
0.126135
0.0985485
0.0918852
0.0872591
0.0797046
0.0718954
0.0611578
0.0511841
0.0496138
0.0499109
0.0478313
0.049826
0.0529242
0.0526271
0.0547492
0.0586538
0.0602241
0.0567015
0.0508446
0.0455819
0.0413377
0.0394703
0.0348867
0.0282659
0.0262711
0.0244461
0.0233851
0.0142288
0.0147462
0.0213173
0.028975
0.0352874
0.0409789
0.0458943
0.0510685
0.0574843
0.0635898
0.0718166
0.0842345
0.0982046
0.118694
0.144461
0.167745
0.187613
0.21219
0.248305
0.293268
0.337145
0.37176
0.401252
0.427123
0.441817
0.454442
0.467222
0.481089
0.498939
0.522016
0.544471
0.554716
0.546748
0.527604
0.513634
0.509908
0.5156
0.528432
0.544678
0.561494
0.577638
0.591918
0.604025
0.620686
0.652248
0.692606
0.756713
0.82884
0.877322
0.903606
0.932323
0.96968
0.995861
0.997827
0.987479
0.981787
0.970404
0.938997
0.912816
0.889222
0.857867
0.833032
0.82527
0.816267
0.783774
0.744347
0.731929
0.735034
0.724634
0.717287
0.730998
0.74176
0.72986
0.705438
0.684742
0.662907
0.636778
0.612977
0.605216
0.596989
0.589124
0.578465
0.553837
0.514513
0.471465
0.43447
0.404357
0.381694
0.373933
0.367206
0.36048
0.351684
0.337662
0.316345
0.29927
0.294717
0.294821
0.290888
0.294355
0.301081
0.29539
0.278522
0.26331
0.254256
0.245356
0.236302
0.23537
0.24251
0.241683
0.229006
0.214001
0.192787
0.175299
0.163605
0.153981
0.145599
0.13939
0.134941
0.128628
0.114037
0.087339
0.0671599
0.0635381
0.0627102
0.0613649
0.0576396
0.0563978
0.0592435
0.0632794
0.0642107
0.059554
0.0486366
0.0721966
0.0729065
0.0749197
0.0841712
0.0991016
0.117337
0.13776
0.15617
0.170577
0.183354
0.196132
0.208269
0.217707
0.229158
0.246195
0.263895
0.284667
0.30651
0.325094
0.340409
0.360937
0.392857
0.4319
0.476481
0.538193
0.609272
0.664293
0.709014
0.735512
0.751199
0.772099
0.792813
0.811805
0.826805
0.833985
0.835672
0.83466
0.827049
0.825397
0.841014
0.856631
0.886666
0.920332
0.927606
0.923707
0.919844
0.918587
0.918249
0.917539
0.91285
0.898711
0.883536
0.875436
0.873307
0.874668
0.868408
0.879346
0.910487
0.946935
0.977028
0.994554
0.996218
0.98955
0.988479
0.986385
0.972792
0.950077
0.919553
0.895545
0.876274
0.854071
0.831122
0.800447
0.766769
0.753992
0.775346
0.810106
0.827189
0.818112
0.803915
0.789717
0.772204
0.742354
0.700019
0.656054
0.6261
0.610017
0.589548
0.546339
0.482568
0.424522
0.398734
0.393055
0.387376
0.377647
0.365242
0.355816
0.347798
0.336894
0.321045
0.301936
0.284737
0.274263
0.266723
0.248569
0.223328
0.204161
0.190488
0.189568
0.189138
0.18382
0.174452
0.165387
0.158591
0.151794
0.145045
0.14416
0.149735
0.154099
0.149839
0.138598
0.1234
0.110692
0.102814
0.0987525
0.0963203
0.0920961
0.0845436
0.0750826
0.0647954
0.0536703
0.0411721
0.0302115
0.0383175
0.044623
0.0474343
0.051802
0.0547202
0.055731
0.0584241
0.064558
0.0735032
0.0830434
0.0927325
0.101758
0.107182
0.113415
0.129909
0.15005
0.166182
0.186167
0.214776
0.248589
0.282443
0.312521
0.344441
0.379429
0.417227
0.45022
0.472249
0.487641
0.507065
0.534125
0.561655
0.586698
0.617699
0.656558
0.699586
0.738579
0.758358
0.772186
0.803843
0.843755
0.893016
0.941225
0.971513
0.992951
0.999073
0.983529
0.959791
0.941042
0.931719
0.929812
0.928797
0.927553
0.920687
0.917353
0.915953
0.904941
0.892543
0.899226
0.915591
0.914218
0.897212
0.876469
0.866772
0.865055
0.863942
0.851712
0.828229
0.814978
0.819269
0.815733
0.790965
0.757713
0.732503
0.718026
0.717797
0.708261
0.671492
0.643825
0.626511
0.615353
0.601437
0.578634
0.559942
0.556898
0.563135
0.564093
0.553419
0.534743
0.514415
0.497116
0.482396
0.473374
0.458116
0.443048
0.439711
0.430422
0.413558
0.398341
0.394512
0.39812
0.407905
0.417445
0.410926
0.385715
0.354813
0.325536
0.29745
0.27616
0.265934
0.258812
0.24691
0.23153
0.214341
0.194315
0.178828
0.172968
0.169802
0.167689
0.165435
0.160487
0.151645
0.14249
0.136306
0.128384
0.115052
0.10059
0.0871632
0.0764747
0.0718667
0.0681055
0.0615101
0.0594422
0.0632456
0.0662732
0.0692314
0.0753765
0.083129
0.0901609
0.0997215
0.114381
0.131854
0.150157
0.168953
0.182359
0.191025
0.212578
0.237685
0.250073
0.258587
0.282038
0.316824
0.350002
0.378975
0.40695
0.435341
0.470715
0.515498
0.556456
0.583926
0.616217
0.664547
0.708609
0.737166
0.756828
0.778692
0.810838
0.852739
0.891549
0.91525
0.937177
0.966953
0.99231
0.999273
0.990273
0.981322
0.969212
0.951095
0.942636
0.944909
0.944632
0.939636
0.934738
0.922891
0.908578
0.895055
0.880284
0.876543
0.882668
0.904415
0.939352
0.959014
0.948082
0.920266
0.896108
0.881199
0.869283
0.861877
0.861454
0.872019
0.879093
0.872428
0.850383
0.819069
0.79349
0.779427
0.770434
0.757804
0.739632
0.718793
0.68504
0.644068
0.604342
0.566197
0.538249
0.517583
0.496529
0.476604
0.465325
0.464979
0.467002
0.460912
0.450721
0.452848
0.458065
0.455107
0.45255
0.446343
0.433928
0.417301
0.395339
0.364198
0.327237
0.296102
0.279087
0.270192
0.254313
0.234318
0.21995
0.20926
0.202436
0.194739
0.187014
0.182109
0.178964
0.174398
0.166064
0.153469
0.139419
0.1299
0.123762
0.114464
0.101841
0.087258
0.0783556
0.0760486
0.0717463
0.0634673
0.0543709
0.0467847
0.0409998
0.0355198
0.0279752
0.021553
0.0192982
0.0219777
0.0272089
0.0355981
0.0394258
0.0405423
0.0463158
0.0570335
0.0679745
0.0785646
0.0913876
0.107895
0.129825
0.157193
0.18437
0.210048
0.243828
0.286459
0.328134
0.368565
0.406316
0.443573
0.489123
0.540367
0.58555
0.627097
0.671738
0.713429
0.737703
0.749617
0.766252
0.785231
0.805805
0.831228
0.850271
0.859745
0.878086
0.906443
0.925008
0.937671
0.953907
0.967879
0.981021
0.991531
0.997895
0.994211
0.98925
0.996954
0.999681
0.982919
0.958246
0.935327
0.923158
0.919522
0.915885
0.909474
0.902105
0.897464
0.893397
0.884577
0.875439
0.861116
0.837352
0.818118
0.799234
0.773014
0.751579
0.727799
0.703062
0.684035
0.662456
0.644418
0.626316
0.60933
0.597831
0.586715
0.572982
0.552807
0.525614
0.499585
0.478022
0.455024
0.4311
0.411882
0.393684
0.36756
0.340064
0.318692
0.298596
0.278501
0.265423
0.261483
0.260766
0.257177
0.252823
0.245359
0.231515
0.215311
0.203254
0.197895
0.196523
0.194274
0.1889
0.181196
0.17177
0.161707
0.153684
0.150383
0.149314
0.147799
0.149474
0.149474
0.146284
0.14445
0.142201
0.139856
0.137512
0.135885
0.132759
0.124593
0.113301
0.103158
0.0947687
0.0852951
0.0735247
0.0623604
0.0551834
0.0527911
0.0532695
0.0527432
0.0511324
0.0478947
0.0957854
0.10369
0.110076
0.113535
0.118948
0.128648
0.136248
0.140563
0.146639
0.155027
0.16866
0.191198
0.213979
0.238927
0.270783
0.302043
0.330044
0.359273
0.393678
0.441619
0.498994
0.559503
0.605045
0.631778
0.655637
0.677077
0.712121
0.744413
0.766593
0.794647
0.829705
0.853105
0.861934
0.860792
0.864575
0.888865
0.916463
0.928867
0.937411
0.957332
0.971322
0.967883
0.956055
0.948823
0.960834
0.985429
0.998191
0.99701
0.994601
0.990973
0.977863
0.963282
0.960467
0.958483
0.957448
0.961526
0.951353
0.941861
0.945712
0.949776
0.955706
0.95889
0.95977
0.958537
0.954681
0.94591
0.925926
0.894607
0.861392
0.823581
0.776588
0.737006
0.709509
0.679612
0.647287
0.620182
0.604996
0.592912
0.584639
0.595065
0.599152
0.606293
0.629068
0.641037
0.64629
0.657136
0.662961
0.653228
0.630907
0.608088
0.580953
0.556654
0.540481
0.514905
0.47824
0.437991
0.408685
0.392411
0.375063
0.358716
0.343976
0.33045
0.314989
0.299083
0.290375
0.287414
0.299073
0.313334
0.30959
0.309334
0.315347
0.3139
0.308332
0.299359
0.287182
0.266995
0.242908
0.221976
0.207129
0.199176
0.182166
0.161452
0.150567
0.142256
0.134312
0.133122
0.140369
0.147577
0.150412
0.142212
0.124008
0.114004
0.0790039
0.078594
0.0770132
0.0801944
0.0866935
0.089016
0.0858738
0.0845857
0.0897771
0.0995941
0.109021
0.118291
0.129708
0.141887
0.153675
0.166927
0.185019
0.212381
0.246614
0.283442
0.319177
0.347711
0.373122
0.391975
0.420977
0.461981
0.498927
0.534994
0.57918
0.619755
0.649674
0.668898
0.682657
0.702233
0.732347
0.770171
0.808384
0.838987
0.868379
0.903236
0.932628
0.942816
0.945158
0.946914
0.95921
0.98544
0.99879
0.996663
0.989812
0.980776
0.968227
0.954702
0.944182
0.933136
0.918264
0.909188
0.908896
0.904914
0.887974
0.866388
0.860065
0.871306
0.882158
0.882275
0.875093
0.862134
0.852297
0.858035
0.869238
0.86551
0.845779
0.835259
0.829033
0.809536
0.783169
0.756119
0.730708
0.711679
0.699286
0.679379
0.640189
0.596062
0.570007
0.562981
0.558297
0.546821
0.529334
0.501503
0.474453
0.449861
0.415122
0.386549
0.381865
0.390999
0.394668
0.388286
0.373668
0.354424
0.334634
0.315586
0.297123
0.281022
0.269839
0.260276
0.243179
0.216421
0.184668
0.156446
0.134041
0.117218
0.108201
0.101233
0.0938756
0.0916898
0.0918069
0.0898942
0.0864983
0.0845661
0.0847028
0.0847613
0.0831805
0.0781451
0.0701823
0.0636832
0.0613997
0.0624927
0.0656544
0.0672548
0.065186
0.0644248
0.0614778
0.05533
0.0691765
0.0770339
0.0841783
0.0909091
0.0994652
0.110873
0.123209
0.133405
0.14293
0.152856
0.166859
0.183843
0.202909
0.224556
0.245847
0.264257
0.288955
0.32328
0.355294
0.388121
0.421476
0.455615
0.497412
0.552057
0.610096
0.662203
0.704328
0.731037
0.759743
0.800342
0.843594
0.876378
0.901576
0.931765
0.95575
0.97938
0.993668
0.997875
0.995979
0.992642
0.991943
0.999544
0.999957
0.976642
0.954667
0.949904
0.949476
0.941419
0.929668
0.917234
0.904414
0.896214
0.899508
0.909775
0.917048
0.918588
0.921184
0.932963
0.95364
0.960742
0.960171
0.959244
0.957005
0.954652
0.955152
0.957533
0.956706
0.946781
0.930439
0.909775
0.880585
0.842182
0.797476
0.751487
0.713526
0.68954
0.672599
0.65302
0.623102
0.586339
0.552428
0.528342
0.512171
0.501005
0.493305
0.483237
0.472485
0.458952
0.440784
0.418481
0.39384
0.370681
0.361497
0.350075
0.331237
0.309775
0.289198
0.271059
0.257868
0.247529
0.237604
0.233383
0.23307
0.23123
0.224913
0.213604
0.199087
0.188649
0.186995
0.185711
0.183216
0.179294
0.172948
0.16482
0.157134
0.149847
0.139094
0.130267
0.123879
0.117818
0.10969
0.0988235
0.0874153
0.0795294
0.0749804
0.0716292
0.0690053
0.0673797
0.0656827
0.0615615
0.0555579
0.0463173
0.0643372
0.0625935
0.0622784
0.0643498
0.0710264
0.0779131
0.0802703
0.0844342
0.104607
0.125952
0.142154
0.161213
0.181516
0.208583
0.239382
0.265555
0.299165
0.341258
0.384359
0.419305
0.44552
0.47421
0.501479
0.523576
0.539202
0.558257
0.600741
0.651641
0.67939
0.680923
0.706701
0.744924
0.762013
0.785912
0.830249
0.884536
0.910049
0.913389
0.932965
0.958793
0.970504
0.960214
0.958226
0.964697
0.951008
0.926953
0.909225
0.902906
0.8802
0.846577
0.866351
0.896965
0.917881
0.944495
0.970252
0.981651
0.984369
0.998639
0.990445
0.99076
0.991378
0.971907
0.951386
0.923637
0.888553
0.850245
0.813644
0.769899
0.734197
0.719483
0.69423
0.650061
0.61075
0.578535
0.543463
0.518769
0.509521
0.49316
0.478445
0.458209
0.433688
0.412041
0.396192
0.38591
0.370998
0.357056
0.343535
0.32722
0.316325
0.309875
0.302577
0.294572
0.286038
0.264219
0.248113
0.247185
0.235113
0.21905
0.215457
0.209651
0.193112
0.173184
0.156028
0.150137
0.151902
0.144557
0.139944
0.143872
0.137246
0.121506
0.112867
0.109867
0.104506
0.0962579
0.0864216
0.0749592
0.0663541
0.0564085
0.0532698
0.0544085
0.0490596
0.0408116
0.0334964
0.0291055
0.0282862
0.0299375
0.0260172
0.0218743
0.0196642
0.0152271
0.0129162
0.0122817
0.0214777
0.0231959
0.0249141
0.0283505
0.0300687
0.0352234
0.0472509
0.0635739
0.0816151
0.0936426
0.100515
0.109107
0.120275
0.138316
0.158935
0.178694
0.198454
0.21134
0.216495
0.226804
0.253436
0.296392
0.335911
0.36512
0.392612
0.419244
0.462199
0.524914
0.595361
0.66323
0.718213
0.741409
0.743986
0.750859
0.768041
0.794674
0.820447
0.842784
0.844502
0.81701
0.780928
0.743986
0.725945
0.7311
0.732818
0.737113
0.753436
0.756873
0.745704
0.739691
0.725086
0.724227
0.747423
0.780928
0.812715
0.850515
0.898625
0.919244
0.918385
0.924399
0.939003
0.949313
0.981959
1
0.987973
0.980241
0.967354
0.930412
0.87543
0.835911
0.813574
0.792096
0.767182
0.739691
0.705326
0.677835
0.65378
0.619416
0.58677
0.570447
0.566151
0.552405
0.525773
0.496564
0.467354
0.451031
0.43299
0.410653
0.38488
0.356529
0.330756
0.309278
0.285223
0.270619
0.256873
0.244845
0.238832
0.227663
0.22079
0.213058
0.200172
0.190722
0.180412
0.168385
0.157216
0.143471
0.132302
0.129725
0.121993
0.108247
0.0850515
0.0670103
0.064433
0.0618557
0.0601375
0.0575601
0.0558419
0.0584192
0.0575601
0.0515464
0.0463918
0.0429553
0.0395189
0.0369416
0.0335052
0.0317869
0.0300687
0.0292096
0.0266323
0.0223368
0.0171821
0.0154639
